38.820 -21.861 -63.296 0.465 0.645 0.607
5.469 -11.617 -32.993 0.596 -0.746 0.295
-0.290 -3.755 -28.579 0.980 -0.196 -0.011
-0.003 -1.560 8.541 0.808 -0.368 -0.460
10.000 14.199 0.347 0.606 -0.402 -0.687
14.602 -19.829 4.765 -0.369 -0.919 0.141
1.403 -15.960 -2.200 -0.743 0.627 -0.232
-17.105 6.630 -0.316 -0.910 0.134 0.392
-39.075 -6.357 15.478 -0.081 0.118 0.990
-37.972 -10.797 12.026 0.676 0.736 -0.025
-19.056 12.640 17.549 0.675 -0.047 0.737
32.906 34.227 54.653 0.298 -0.395 0.869
48.725 22.349 18.836 -0.224 0.968 0.113
33.182 3.684 33.873 0.966 -0.122 -0.229
4.819 0.902 19.709 -0.925 -0.091 -0.368
-23.773 -20.943 50.882 -0.701 -0.390 -0.597
-26.645 -14.714 52.516 -0.828 -0.549 0.114
-28.220 -6.971 52.412 -0.709 -0.348 0.613
-27.549 -10.842 52.442 0.063 -0.092 -0.994
-14.175 -28.625 52.140 -0.103 -0.978 0.181
-14.166 19.639 50.551 -0.122 0.728 -0.674
-9.496 21.669 55.462 -0.369 0.927 -0.073
-2.679 21.577 59.412 -0.282 0.767 0.577
