5.496 -23.376 13.459 -0.669 -0.629 0.395
6.973 -25.727 6.452 -0.948 -0.312 0.053
10.709 -28.726 -0.119 -0.894 -0.017 -0.448
22.526 -29.562 -32.459 -0.331 -0.775 -0.538
16.362 -28.084 -28.473 -0.239 -0.970 -0.052
10.038 -24.871 -25.236 -0.201 -0.823 0.531
-4.641 5.052 -19.496 0.530 -0.686 0.499
-0.069 7.353 -24.819 0.309 -0.949 -0.059
4.777 12.026 -29.143 0.128 -0.810 -0.573
27.489 8.904 -16.296 0.940 0.296 -0.170
-29.870 7.363 15.654 -0.186 0.983 -0.006
-36.140 4.474 17.411 -0.421 0.807 -0.413
-41.643 0.306 22.126 -0.643 0.388 -0.660
