-26.602 2.553 7.406 -0.457 0.888 0.055
-16.591 -14.140 10.421 -0.506 0.857 0.098
26.251 -18.271 -4.935 0.409 -0.813 0.414
24.817 -5.836 -12.684 0.880 -0.291 -0.376
4.755 -20.799 11.440 0.885 -0.438 0.157
-24.053 -18.187 16.576 0.392 -0.435 0.811
-25.006 -1.649 31.035 0.511 0.546 -0.664
-16.794 -5.883 22.608 0.867 -0.412 0.280
-28.359 -14.069 33.426 0.410 0.733 0.542
-2.478 -6.833 16.962 -0.165 0.407 0.899
14.215 0.160 -1.579 0.897 0.322 -0.303
-5.399 -2.393 3.328 -0.627 -0.767 0.135
5.221 9.698 16.844 -0.823 0.075 0.563
11.451 2.742 10.228 0.868 -0.065 0.493
-2.956 -0.108 -9.335 0.710 -0.517 -0.478
