-5.994 -15.646 4.410 -0.270 -0.741 -0.615
-0.818 -11.816 0.558 -0.513 -0.299 -0.805
6.020 -8.199 -2.010 -0.459 0.260 -0.849
30.142 -17.657 -4.143 0.639 -0.769 0.002
25.419 -19.101 1.751 0.818 -0.350 0.457
5.348 -31.807 18.407 0.146 -0.959 0.243
14.462 -31.151 -30.080 -0.369 0.297 0.881
19.602 -9.087 -29.030 0.440 0.673 -0.594
12.814 -6.345 -27.354 0.114 0.457 -0.882
6.557 -3.227 -23.389 -0.349 0.277 -0.895
-5.473 6.768 15.526 -0.189 -0.982 -0.001
-3.252 7.990 22.336 0.488 -0.871 -0.047
-2.976 10.655 29.737 0.933 -0.355 0.064
-17.514 -0.034 42.304 -0.602 0.741 0.298
-11.817 19.078 -14.043 -0.478 0.858 0.190
-5.378 20.793 -17.962 -0.036 0.843 0.537
-0.015 21.152 -23.590 0.477 0.636 0.606
26.991 6.339 -47.659 -0.515 -0.676 0.527
29.073 2.014 -53.252 -0.885 -0.445 0.137
33.426 -1.946 -58.332 -0.901 -0.174 -0.396
20.844 16.501 -50.471 -0.341 -0.862 -0.376
