224.000 0.000 0.000 0.000 0.000 1.000
223.591 13.525 0.000 0.000 0.000 1.000
222.367 27.000 0.000 0.000 0.000 1.000
220.331 40.377 0.000 0.000 0.000 1.000
217.491 53.607 0.000 0.000 0.000 1.000
213.857 66.641 0.000 0.000 0.000 1.000
209.444 79.431 0.000 0.000 0.000 1.000
204.266 91.932 0.000 0.000 0.000 1.000
198.342 104.098 0.000 0.000 0.000 1.000
191.695 115.884 0.000 0.000 0.000 1.000
184.348 127.247 0.000 0.000 0.000 1.000
176.329 138.145 0.000 0.000 0.000 1.000
167.666 148.539 0.000 0.000 0.000 1.000
158.392 158.392 0.000 0.000 0.000 1.000
148.539 167.666 0.000 0.000 0.000 1.000
138.145 176.329 0.000 0.000 0.000 1.000
127.247 184.348 0.000 0.000 0.000 1.000
115.884 191.695 0.000 0.000 0.000 1.000
104.098 198.342 0.000 0.000 0.000 1.000
91.932 204.266 0.000 0.000 0.000 1.000
79.431 209.444 0.000 0.000 0.000 1.000
66.641 213.857 0.000 0.000 0.000 1.000
53.607 217.491 0.000 0.000 0.000 1.000
40.377 220.331 0.000 0.000 0.000 1.000
27.000 222.367 0.000 0.000 0.000 1.000
13.525 223.591 0.000 0.000 0.000 1.000
0.000 224.000 0.000 0.000 0.000 1.000
-13.525 223.591 0.000 0.000 0.000 1.000
-27.000 222.367 0.000 0.000 0.000 1.000
-40.377 220.331 0.000 0.000 0.000 1.000
-53.607 217.491 0.000 0.000 0.000 1.000
-66.641 213.857 0.000 0.000 0.000 1.000
-79.431 209.444 0.000 0.000 0.000 1.000
-91.932 204.266 0.000 0.000 0.000 1.000
-104.098 198.342 0.000 0.000 0.000 1.000
-115.884 191.695 0.000 0.000 0.000 1.000
-127.247 184.348 0.000 0.000 0.000 1.000
-138.145 176.329 0.000 0.000 0.000 1.000
-148.539 167.666 0.000 0.000 0.000 1.000
-158.392 158.392 0.000 0.000 0.000 1.000
-167.666 148.539 0.000 0.000 0.000 1.000
-176.329 138.145 0.000 0.000 0.000 1.000
-184.348 127.247 0.000 0.000 0.000 1.000
-191.695 115.884 0.000 0.000 0.000 1.000
-198.342 104.098 0.000 0.000 0.000 1.000
-204.266 91.932 0.000 0.000 0.000 1.000
-209.444 79.431 0.000 0.000 0.000 1.000
-213.857 66.641 0.000 0.000 0.000 1.000
-217.491 53.607 0.000 0.000 0.000 1.000
-220.331 40.377 0.000 0.000 0.000 1.000
-222.367 27.000 0.000 0.000 0.000 1.000
-223.591 13.525 0.000 0.000 0.000 1.000
-224.000 0.000 0.000 0.000 0.000 1.000
-223.591 -13.525 0.000 0.000 0.000 1.000
-222.367 -27.000 0.000 0.000 0.000 1.000
-220.331 -40.377 0.000 0.000 0.000 1.000
-217.491 -53.607 0.000 0.000 0.000 1.000
-213.857 -66.641 0.000 0.000 0.000 1.000
-209.444 -79.431 0.000 0.000 0.000 1.000
-204.266 -91.932 0.000 0.000 0.000 1.000
-198.342 -104.098 0.000 0.000 0.000 1.000
-191.695 -115.884 0.000 0.000 0.000 1.000
-184.348 -127.247 0.000 0.000 0.000 1.000
-176.329 -138.145 0.000 0.000 0.000 1.000
-167.666 -148.539 0.000 0.000 0.000 1.000
-158.392 -158.392 0.000 0.000 0.000 1.000
-148.539 -167.666 0.000 0.000 0.000 1.000
-138.145 -176.329 0.000 0.000 0.000 1.000
-127.247 -184.348 0.000 0.000 0.000 1.000
-115.884 -191.695 0.000 0.000 0.000 1.000
-104.098 -198.342 0.000 0.000 0.000 1.000
-91.932 -204.266 0.000 0.000 0.000 1.000
-79.431 -209.444 0.000 0.000 0.000 1.000
-66.641 -213.857 0.000 0.000 0.000 1.000
-53.607 -217.491 0.000 0.000 0.000 1.000
-40.377 -220.331 0.000 0.000 0.000 1.000
-27.000 -222.367 0.000 0.000 0.000 1.000
-13.525 -223.591 0.000 0.000 0.000 1.000
-0.000 -224.000 0.000 0.000 0.000 1.000
13.525 -223.591 0.000 0.000 0.000 1.000
27.000 -222.367 0.000 0.000 0.000 1.000
40.377 -220.331 0.000 0.000 0.000 1.000
53.607 -217.491 0.000 0.000 0.000 1.000
66.641 -213.857 0.000 0.000 0.000 1.000
79.431 -209.444 0.000 0.000 0.000 1.000
91.932 -204.266 0.000 0.000 0.000 1.000
104.098 -198.342 0.000 0.000 0.000 1.000
115.884 -191.695 0.000 0.000 0.000 1.000
127.247 -184.348 0.000 0.000 0.000 1.000
138.145 -176.329 0.000 0.000 0.000 1.000
148.539 -167.666 0.000 0.000 0.000 1.000
158.392 -158.392 0.000 0.000 0.000 1.000
167.666 -148.539 0.000 0.000 0.000 1.000
176.329 -138.145 0.000 0.000 0.000 1.000
184.348 -127.247 0.000 0.000 0.000 1.000
191.695 -115.884 0.000 0.000 0.000 1.000
198.342 -104.098 0.000 0.000 0.000 1.000
204.266 -91.932 0.000 0.000 0.000 1.000
209.444 -79.431 0.000 0.000 0.000 1.000
213.857 -66.641 0.000 0.000 0.000 1.000
217.491 -53.607 0.000 0.000 0.000 1.000
220.331 -40.377 0.000 0.000 0.000 1.000
222.367 -27.000 0.000 0.000 0.000 1.000
223.591 -13.525 0.000 0.000 0.000 1.000
224.000 0.000 80.000 0.000 0.000 1.000
223.591 13.525 80.000 0.000 0.000 1.000
222.367 27.000 80.000 0.000 0.000 1.000
220.331 40.377 80.000 0.000 0.000 1.000
217.491 53.607 80.000 0.000 0.000 1.000
213.857 66.641 80.000 0.000 0.000 1.000
209.444 79.431 80.000 0.000 0.000 1.000
204.266 91.932 80.000 0.000 0.000 1.000
198.342 104.098 80.000 0.000 0.000 1.000
191.695 115.884 80.000 0.000 0.000 1.000
184.348 127.247 80.000 0.000 0.000 1.000
176.329 138.145 80.000 0.000 0.000 1.000
167.666 148.539 80.000 0.000 0.000 1.000
158.392 158.392 80.000 0.000 0.000 1.000
148.539 167.666 80.000 0.000 0.000 1.000
138.145 176.329 80.000 0.000 0.000 1.000
127.247 184.348 80.000 0.000 0.000 1.000
115.884 191.695 80.000 0.000 0.000 1.000
104.098 198.342 80.000 0.000 0.000 1.000
91.932 204.266 80.000 0.000 0.000 1.000
79.431 209.444 80.000 0.000 0.000 1.000
66.641 213.857 80.000 0.000 0.000 1.000
53.607 217.491 80.000 0.000 0.000 1.000
40.377 220.331 80.000 0.000 0.000 1.000
27.000 222.367 80.000 0.000 0.000 1.000
13.525 223.591 80.000 0.000 0.000 1.000
0.000 224.000 80.000 0.000 0.000 1.000
-13.525 223.591 80.000 0.000 0.000 1.000
-27.000 222.367 80.000 0.000 0.000 1.000
-40.377 220.331 80.000 0.000 0.000 1.000
-53.607 217.491 80.000 0.000 0.000 1.000
-66.641 213.857 80.000 0.000 0.000 1.000
-79.431 209.444 80.000 0.000 0.000 1.000
-91.932 204.266 80.000 0.000 0.000 1.000
-104.098 198.342 80.000 0.000 0.000 1.000
-115.884 191.695 80.000 0.000 0.000 1.000
-127.247 184.348 80.000 0.000 0.000 1.000
-138.145 176.329 80.000 0.000 0.000 1.000
-148.539 167.666 80.000 0.000 0.000 1.000
-158.392 158.392 80.000 0.000 0.000 1.000
-167.666 148.539 80.000 0.000 0.000 1.000
-176.329 138.145 80.000 0.000 0.000 1.000
-184.348 127.247 80.000 0.000 0.000 1.000
-191.695 115.884 80.000 0.000 0.000 1.000
-198.342 104.098 80.000 0.000 0.000 1.000
-204.266 91.932 80.000 0.000 0.000 1.000
-209.444 79.431 80.000 0.000 0.000 1.000
-213.857 66.641 80.000 0.000 0.000 1.000
-217.491 53.607 80.000 0.000 0.000 1.000
-220.331 40.377 80.000 0.000 0.000 1.000
-222.367 27.000 80.000 0.000 0.000 1.000
-223.591 13.525 80.000 0.000 0.000 1.000
-224.000 0.000 80.000 0.000 0.000 1.000
-223.591 -13.525 80.000 0.000 0.000 1.000
-222.367 -27.000 80.000 0.000 0.000 1.000
-220.331 -40.377 80.000 0.000 0.000 1.000
-217.491 -53.607 80.000 0.000 0.000 1.000
-213.857 -66.641 80.000 0.000 0.000 1.000
-209.444 -79.431 80.000 0.000 0.000 1.000
-204.266 -91.932 80.000 0.000 0.000 1.000
-198.342 -104.098 80.000 0.000 0.000 1.000
-191.695 -115.884 80.000 0.000 0.000 1.000
-184.348 -127.247 80.000 0.000 0.000 1.000
-176.329 -138.145 80.000 0.000 0.000 1.000
-167.666 -148.539 80.000 0.000 0.000 1.000
-158.392 -158.392 80.000 0.000 0.000 1.000
-148.539 -167.666 80.000 0.000 0.000 1.000
-138.145 -176.329 80.000 0.000 0.000 1.000
-127.247 -184.348 80.000 0.000 0.000 1.000
-115.884 -191.695 80.000 0.000 0.000 1.000
-104.098 -198.342 80.000 0.000 0.000 1.000
-91.932 -204.266 80.000 0.000 0.000 1.000
-79.431 -209.444 80.000 0.000 0.000 1.000
-66.641 -213.857 80.000 0.000 0.000 1.000
-53.607 -217.491 80.000 0.000 0.000 1.000
-40.377 -220.331 80.000 0.000 0.000 1.000
-27.000 -222.367 80.000 0.000 0.000 1.000
-13.525 -223.591 80.000 0.000 0.000 1.000
-0.000 -224.000 80.000 0.000 0.000 1.000
13.525 -223.591 80.000 0.000 0.000 1.000
27.000 -222.367 80.000 0.000 0.000 1.000
40.377 -220.331 80.000 0.000 0.000 1.000
53.607 -217.491 80.000 0.000 0.000 1.000
66.641 -213.857 80.000 0.000 0.000 1.000
79.431 -209.444 80.000 0.000 0.000 1.000
91.932 -204.266 80.000 0.000 0.000 1.000
104.098 -198.342 80.000 0.000 0.000 1.000
115.884 -191.695 80.000 0.000 0.000 1.000
127.247 -184.348 80.000 0.000 0.000 1.000
138.145 -176.329 80.000 0.000 0.000 1.000
148.539 -167.666 80.000 0.000 0.000 1.000
158.392 -158.392 80.000 0.000 0.000 1.000
167.666 -148.539 80.000 0.000 0.000 1.000
176.329 -138.145 80.000 0.000 0.000 1.000
184.348 -127.247 80.000 0.000 0.000 1.000
191.695 -115.884 80.000 0.000 0.000 1.000
198.342 -104.098 80.000 0.000 0.000 1.000
204.266 -91.932 80.000 0.000 0.000 1.000
209.444 -79.431 80.000 0.000 0.000 1.000
213.857 -66.641 80.000 0.000 0.000 1.000
217.491 -53.607 80.000 0.000 0.000 1.000
220.331 -40.377 80.000 0.000 0.000 1.000
222.367 -27.000 80.000 0.000 0.000 1.000
223.591 -13.525 80.000 0.000 0.000 1.000
224.000 0.000 160.000 0.000 0.000 1.000
223.591 13.525 160.000 0.000 0.000 1.000
222.367 27.000 160.000 0.000 0.000 1.000
220.331 40.377 160.000 0.000 0.000 1.000
217.491 53.607 160.000 0.000 0.000 1.000
213.857 66.641 160.000 0.000 0.000 1.000
209.444 79.431 160.000 0.000 0.000 1.000
204.266 91.932 160.000 0.000 0.000 1.000
198.342 104.098 160.000 0.000 0.000 1.000
191.695 115.884 160.000 0.000 0.000 1.000
184.348 127.247 160.000 0.000 0.000 1.000
176.329 138.145 160.000 0.000 0.000 1.000
167.666 148.539 160.000 0.000 0.000 1.000
158.392 158.392 160.000 0.000 0.000 1.000
148.539 167.666 160.000 0.000 0.000 1.000
138.145 176.329 160.000 0.000 0.000 1.000
127.247 184.348 160.000 0.000 0.000 1.000
115.884 191.695 160.000 0.000 0.000 1.000
104.098 198.342 160.000 0.000 0.000 1.000
91.932 204.266 160.000 0.000 0.000 1.000
79.431 209.444 160.000 0.000 0.000 1.000
66.641 213.857 160.000 0.000 0.000 1.000
53.607 217.491 160.000 0.000 0.000 1.000
40.377 220.331 160.000 0.000 0.000 1.000
27.000 222.367 160.000 0.000 0.000 1.000
13.525 223.591 160.000 0.000 0.000 1.000
0.000 224.000 160.000 0.000 0.000 1.000
-13.525 223.591 160.000 0.000 0.000 1.000
-27.000 222.367 160.000 0.000 0.000 1.000
-40.377 220.331 160.000 0.000 0.000 1.000
-53.607 217.491 160.000 0.000 0.000 1.000
-66.641 213.857 160.000 0.000 0.000 1.000
-79.431 209.444 160.000 0.000 0.000 1.000
-91.932 204.266 160.000 0.000 0.000 1.000
-104.098 198.342 160.000 0.000 0.000 1.000
-115.884 191.695 160.000 0.000 0.000 1.000
-127.247 184.348 160.000 0.000 0.000 1.000
-138.145 176.329 160.000 0.000 0.000 1.000
-148.539 167.666 160.000 0.000 0.000 1.000
-158.392 158.392 160.000 0.000 0.000 1.000
-167.666 148.539 160.000 0.000 0.000 1.000
-176.329 138.145 160.000 0.000 0.000 1.000
-184.348 127.247 160.000 0.000 0.000 1.000
-191.695 115.884 160.000 0.000 0.000 1.000
-198.342 104.098 160.000 0.000 0.000 1.000
-204.266 91.932 160.000 0.000 0.000 1.000
-209.444 79.431 160.000 0.000 0.000 1.000
-213.857 66.641 160.000 0.000 0.000 1.000
-217.491 53.607 160.000 0.000 0.000 1.000
-220.331 40.377 160.000 0.000 0.000 1.000
-222.367 27.000 160.000 0.000 0.000 1.000
-223.591 13.525 160.000 0.000 0.000 1.000
-224.000 0.000 160.000 0.000 0.000 1.000
-223.591 -13.525 160.000 0.000 0.000 1.000
-222.367 -27.000 160.000 0.000 0.000 1.000
-220.331 -40.377 160.000 0.000 0.000 1.000
-217.491 -53.607 160.000 0.000 0.000 1.000
-213.857 -66.641 160.000 0.000 0.000 1.000
-209.444 -79.431 160.000 0.000 0.000 1.000
-204.266 -91.932 160.000 0.000 0.000 1.000
-198.342 -104.098 160.000 0.000 0.000 1.000
-191.695 -115.884 160.000 0.000 0.000 1.000
-184.348 -127.247 160.000 0.000 0.000 1.000
-176.329 -138.145 160.000 0.000 0.000 1.000
-167.666 -148.539 160.000 0.000 0.000 1.000
-158.392 -158.392 160.000 0.000 0.000 1.000
-148.539 -167.666 160.000 0.000 0.000 1.000
-138.145 -176.329 160.000 0.000 0.000 1.000
-127.247 -184.348 160.000 0.000 0.000 1.000
-115.884 -191.695 160.000 0.000 0.000 1.000
-104.098 -198.342 160.000 0.000 0.000 1.000
-91.932 -204.266 160.000 0.000 0.000 1.000
-79.431 -209.444 160.000 0.000 0.000 1.000
-66.641 -213.857 160.000 0.000 0.000 1.000
-53.607 -217.491 160.000 0.000 0.000 1.000
-40.377 -220.331 160.000 0.000 0.000 1.000
-27.000 -222.367 160.000 0.000 0.000 1.000
-13.525 -223.591 160.000 0.000 0.000 1.000
-0.000 -224.000 160.000 0.000 0.000 1.000
13.525 -223.591 160.000 0.000 0.000 1.000
27.000 -222.367 160.000 0.000 0.000 1.000
40.377 -220.331 160.000 0.000 0.000 1.000
53.607 -217.491 160.000 0.000 0.000 1.000
66.641 -213.857 160.000 0.000 0.000 1.000
79.431 -209.444 160.000 0.000 0.000 1.000
91.932 -204.266 160.000 0.000 0.000 1.000
104.098 -198.342 160.000 0.000 0.000 1.000
115.884 -191.695 160.000 0.000 0.000 1.000
127.247 -184.348 160.000 0.000 0.000 1.000
138.145 -176.329 160.000 0.000 0.000 1.000
148.539 -167.666 160.000 0.000 0.000 1.000
158.392 -158.392 160.000 0.000 0.000 1.000
167.666 -148.539 160.000 0.000 0.000 1.000
176.329 -138.145 160.000 0.000 0.000 1.000
184.348 -127.247 160.000 0.000 0.000 1.000
191.695 -115.884 160.000 0.000 0.000 1.000
198.342 -104.098 160.000 0.000 0.000 1.000
204.266 -91.932 160.000 0.000 0.000 1.000
209.444 -79.431 160.000 0.000 0.000 1.000
213.857 -66.641 160.000 0.000 0.000 1.000
217.491 -53.607 160.000 0.000 0.000 1.000
220.331 -40.377 160.000 0.000 0.000 1.000
222.367 -27.000 160.000 0.000 0.000 1.000
223.591 -13.525 160.000 0.000 0.000 1.000
224.000 0.000 240.000 0.000 0.000 1.000
223.591 13.525 240.000 0.000 0.000 1.000
222.367 27.000 240.000 0.000 0.000 1.000
220.331 40.377 240.000 0.000 0.000 1.000
217.491 53.607 240.000 0.000 0.000 1.000
213.857 66.641 240.000 0.000 0.000 1.000
209.444 79.431 240.000 0.000 0.000 1.000
204.266 91.932 240.000 0.000 0.000 1.000
198.342 104.098 240.000 0.000 0.000 1.000
191.695 115.884 240.000 0.000 0.000 1.000
184.348 127.247 240.000 0.000 0.000 1.000
176.329 138.145 240.000 0.000 0.000 1.000
167.666 148.539 240.000 0.000 0.000 1.000
158.392 158.392 240.000 0.000 0.000 1.000
148.539 167.666 240.000 0.000 0.000 1.000
138.145 176.329 240.000 0.000 0.000 1.000
127.247 184.348 240.000 0.000 0.000 1.000
115.884 191.695 240.000 0.000 0.000 1.000
104.098 198.342 240.000 0.000 0.000 1.000
91.932 204.266 240.000 0.000 0.000 1.000
79.431 209.444 240.000 0.000 0.000 1.000
66.641 213.857 240.000 0.000 0.000 1.000
53.607 217.491 240.000 0.000 0.000 1.000
40.377 220.331 240.000 0.000 0.000 1.000
27.000 222.367 240.000 0.000 0.000 1.000
13.525 223.591 240.000 0.000 0.000 1.000
0.000 224.000 240.000 0.000 0.000 1.000
-13.525 223.591 240.000 0.000 0.000 1.000
-27.000 222.367 240.000 0.000 0.000 1.000
-40.377 220.331 240.000 0.000 0.000 1.000
-53.607 217.491 240.000 0.000 0.000 1.000
-66.641 213.857 240.000 0.000 0.000 1.000
-79.431 209.444 240.000 0.000 0.000 1.000
-91.932 204.266 240.000 0.000 0.000 1.000
-104.098 198.342 240.000 0.000 0.000 1.000
-115.884 191.695 240.000 0.000 0.000 1.000
-127.247 184.348 240.000 0.000 0.000 1.000
-138.145 176.329 240.000 0.000 0.000 1.000
-148.539 167.666 240.000 0.000 0.000 1.000
-158.392 158.392 240.000 0.000 0.000 1.000
-167.666 148.539 240.000 0.000 0.000 1.000
-176.329 138.145 240.000 0.000 0.000 1.000
-184.348 127.247 240.000 0.000 0.000 1.000
-191.695 115.884 240.000 0.000 0.000 1.000
-198.342 104.098 240.000 0.000 0.000 1.000
-204.266 91.932 240.000 0.000 0.000 1.000
-209.444 79.431 240.000 0.000 0.000 1.000
-213.857 66.641 240.000 0.000 0.000 1.000
-217.491 53.607 240.000 0.000 0.000 1.000
-220.331 40.377 240.000 0.000 0.000 1.000
-222.367 27.000 240.000 0.000 0.000 1.000
-223.591 13.525 240.000 0.000 0.000 1.000
-224.000 0.000 240.000 0.000 0.000 1.000
-223.591 -13.525 240.000 0.000 0.000 1.000
-222.367 -27.000 240.000 0.000 0.000 1.000
-220.331 -40.377 240.000 0.000 0.000 1.000
-217.491 -53.607 240.000 0.000 0.000 1.000
-213.857 -66.641 240.000 0.000 0.000 1.000
-209.444 -79.431 240.000 0.000 0.000 1.000
-204.266 -91.932 240.000 0.000 0.000 1.000
-198.342 -104.098 240.000 0.000 0.000 1.000
-191.695 -115.884 240.000 0.000 0.000 1.000
-184.348 -127.247 240.000 0.000 0.000 1.000
-176.329 -138.145 240.000 0.000 0.000 1.000
-167.666 -148.539 240.000 0.000 0.000 1.000
-158.392 -158.392 240.000 0.000 0.000 1.000
-148.539 -167.666 240.000 0.000 0.000 1.000
-138.145 -176.329 240.000 0.000 0.000 1.000
-127.247 -184.348 240.000 0.000 0.000 1.000
-115.884 -191.695 240.000 0.000 0.000 1.000
-104.098 -198.342 240.000 0.000 0.000 1.000
-91.932 -204.266 240.000 0.000 0.000 1.000
-79.431 -209.444 240.000 0.000 0.000 1.000
-66.641 -213.857 240.000 0.000 0.000 1.000
-53.607 -217.491 240.000 0.000 0.000 1.000
-40.377 -220.331 240.000 0.000 0.000 1.000
-27.000 -222.367 240.000 0.000 0.000 1.000
-13.525 -223.591 240.000 0.000 0.000 1.000
-0.000 -224.000 240.000 0.000 0.000 1.000
13.525 -223.591 240.000 0.000 0.000 1.000
27.000 -222.367 240.000 0.000 0.000 1.000
40.377 -220.331 240.000 0.000 0.000 1.000
53.607 -217.491 240.000 0.000 0.000 1.000
66.641 -213.857 240.000 0.000 0.000 1.000
79.431 -209.444 240.000 0.000 0.000 1.000
91.932 -204.266 240.000 0.000 0.000 1.000
104.098 -198.342 240.000 0.000 0.000 1.000
115.884 -191.695 240.000 0.000 0.000 1.000
127.247 -184.348 240.000 0.000 0.000 1.000
138.145 -176.329 240.000 0.000 0.000 1.000
148.539 -167.666 240.000 0.000 0.000 1.000
158.392 -158.392 240.000 0.000 0.000 1.000
167.666 -148.539 240.000 0.000 0.000 1.000
176.329 -138.145 240.000 0.000 0.000 1.000
184.348 -127.247 240.000 0.000 0.000 1.000
191.695 -115.884 240.000 0.000 0.000 1.000
198.342 -104.098 240.000 0.000 0.000 1.000
204.266 -91.932 240.000 0.000 0.000 1.000
209.444 -79.431 240.000 0.000 0.000 1.000
213.857 -66.641 240.000 0.000 0.000 1.000
217.491 -53.607 240.000 0.000 0.000 1.000
220.331 -40.377 240.000 0.000 0.000 1.000
222.367 -27.000 240.000 0.000 0.000 1.000
223.591 -13.525 240.000 0.000 0.000 1.000
224.000 0.000 320.000 0.000 0.000 1.000
223.591 13.525 320.000 0.000 0.000 1.000
222.367 27.000 320.000 0.000 0.000 1.000
220.331 40.377 320.000 0.000 0.000 1.000
217.491 53.607 320.000 0.000 0.000 1.000
213.857 66.641 320.000 0.000 0.000 1.000
209.444 79.431 320.000 0.000 0.000 1.000
204.266 91.932 320.000 0.000 0.000 1.000
198.342 104.098 320.000 0.000 0.000 1.000
191.695 115.884 320.000 0.000 0.000 1.000
184.348 127.247 320.000 0.000 0.000 1.000
176.329 138.145 320.000 0.000 0.000 1.000
167.666 148.539 320.000 0.000 0.000 1.000
158.392 158.392 320.000 0.000 0.000 1.000
148.539 167.666 320.000 0.000 0.000 1.000
138.145 176.329 320.000 0.000 0.000 1.000
127.247 184.348 320.000 0.000 0.000 1.000
115.884 191.695 320.000 0.000 0.000 1.000
104.098 198.342 320.000 0.000 0.000 1.000
91.932 204.266 320.000 0.000 0.000 1.000
79.431 209.444 320.000 0.000 0.000 1.000
66.641 213.857 320.000 0.000 0.000 1.000
53.607 217.491 320.000 0.000 0.000 1.000
40.377 220.331 320.000 0.000 0.000 1.000
27.000 222.367 320.000 0.000 0.000 1.000
13.525 223.591 320.000 0.000 0.000 1.000
0.000 224.000 320.000 0.000 0.000 1.000
-13.525 223.591 320.000 0.000 0.000 1.000
-27.000 222.367 320.000 0.000 0.000 1.000
-40.377 220.331 320.000 0.000 0.000 1.000
-53.607 217.491 320.000 0.000 0.000 1.000
-66.641 213.857 320.000 0.000 0.000 1.000
-79.431 209.444 320.000 0.000 0.000 1.000
-91.932 204.266 320.000 0.000 0.000 1.000
-104.098 198.342 320.000 0.000 0.000 1.000
-115.884 191.695 320.000 0.000 0.000 1.000
-127.247 184.348 320.000 0.000 0.000 1.000
-138.145 176.329 320.000 0.000 0.000 1.000
-148.539 167.666 320.000 0.000 0.000 1.000
-158.392 158.392 320.000 0.000 0.000 1.000
-167.666 148.539 320.000 0.000 0.000 1.000
-176.329 138.145 320.000 0.000 0.000 1.000
-184.348 127.247 320.000 0.000 0.000 1.000
-191.695 115.884 320.000 0.000 0.000 1.000
-198.342 104.098 320.000 0.000 0.000 1.000
-204.266 91.932 320.000 0.000 0.000 1.000
-209.444 79.431 320.000 0.000 0.000 1.000
-213.857 66.641 320.000 0.000 0.000 1.000
-217.491 53.607 320.000 0.000 0.000 1.000
-220.331 40.377 320.000 0.000 0.000 1.000
-222.367 27.000 320.000 0.000 0.000 1.000
-223.591 13.525 320.000 0.000 0.000 1.000
-224.000 0.000 320.000 0.000 0.000 1.000
-223.591 -13.525 320.000 0.000 0.000 1.000
-222.367 -27.000 320.000 0.000 0.000 1.000
-220.331 -40.377 320.000 0.000 0.000 1.000
-217.491 -53.607 320.000 0.000 0.000 1.000
-213.857 -66.641 320.000 0.000 0.000 1.000
-209.444 -79.431 320.000 0.000 0.000 1.000
-204.266 -91.932 320.000 0.000 0.000 1.000
-198.342 -104.098 320.000 0.000 0.000 1.000
-191.695 -115.884 320.000 0.000 0.000 1.000
-184.348 -127.247 320.000 0.000 0.000 1.000
-176.329 -138.145 320.000 0.000 0.000 1.000
-167.666 -148.539 320.000 0.000 0.000 1.000
-158.392 -158.392 320.000 0.000 0.000 1.000
-148.539 -167.666 320.000 0.000 0.000 1.000
-138.145 -176.329 320.000 0.000 0.000 1.000
-127.247 -184.348 320.000 0.000 0.000 1.000
-115.884 -191.695 320.000 0.000 0.000 1.000
-104.098 -198.342 320.000 0.000 0.000 1.000
-91.932 -204.266 320.000 0.000 0.000 1.000
-79.431 -209.444 320.000 0.000 0.000 1.000
-66.641 -213.857 320.000 0.000 0.000 1.000
-53.607 -217.491 320.000 0.000 0.000 1.000
-40.377 -220.331 320.000 0.000 0.000 1.000
-27.000 -222.367 320.000 0.000 0.000 1.000
-13.525 -223.591 320.000 0.000 0.000 1.000
-0.000 -224.000 320.000 0.000 0.000 1.000
13.525 -223.591 320.000 0.000 0.000 1.000
27.000 -222.367 320.000 0.000 0.000 1.000
40.377 -220.331 320.000 0.000 0.000 1.000
53.607 -217.491 320.000 0.000 0.000 1.000
66.641 -213.857 320.000 0.000 0.000 1.000
79.431 -209.444 320.000 0.000 0.000 1.000
91.932 -204.266 320.000 0.000 0.000 1.000
104.098 -198.342 320.000 0.000 0.000 1.000
115.884 -191.695 320.000 0.000 0.000 1.000
127.247 -184.348 320.000 0.000 0.000 1.000
138.145 -176.329 320.000 0.000 0.000 1.000
148.539 -167.666 320.000 0.000 0.000 1.000
158.392 -158.392 320.000 0.000 0.000 1.000
167.666 -148.539 320.000 0.000 0.000 1.000
176.329 -138.145 320.000 0.000 0.000 1.000
184.348 -127.247 320.000 0.000 0.000 1.000
191.695 -115.884 320.000 0.000 0.000 1.000
198.342 -104.098 320.000 0.000 0.000 1.000
204.266 -91.932 320.000 0.000 0.000 1.000
209.444 -79.431 320.000 0.000 0.000 1.000
213.857 -66.641 320.000 0.000 0.000 1.000
217.491 -53.607 320.000 0.000 0.000 1.000
220.331 -40.377 320.000 0.000 0.000 1.000
222.367 -27.000 320.000 0.000 0.000 1.000
223.591 -13.525 320.000 0.000 0.000 1.000
224.000 0.000 400.000 0.000 0.000 1.000
223.591 13.525 400.000 0.000 0.000 1.000
222.367 27.000 400.000 0.000 0.000 1.000
220.331 40.377 400.000 0.000 0.000 1.000
217.491 53.607 400.000 0.000 0.000 1.000
213.857 66.641 400.000 0.000 0.000 1.000
209.444 79.431 400.000 0.000 0.000 1.000
204.266 91.932 400.000 0.000 0.000 1.000
198.342 104.098 400.000 0.000 0.000 1.000
191.695 115.884 400.000 0.000 0.000 1.000
184.348 127.247 400.000 0.000 0.000 1.000
176.329 138.145 400.000 0.000 0.000 1.000
167.666 148.539 400.000 0.000 0.000 1.000
158.392 158.392 400.000 0.000 0.000 1.000
148.539 167.666 400.000 0.000 0.000 1.000
138.145 176.329 400.000 0.000 0.000 1.000
127.247 184.348 400.000 0.000 0.000 1.000
115.884 191.695 400.000 0.000 0.000 1.000
104.098 198.342 400.000 0.000 0.000 1.000
91.932 204.266 400.000 0.000 0.000 1.000
79.431 209.444 400.000 0.000 0.000 1.000
66.641 213.857 400.000 0.000 0.000 1.000
53.607 217.491 400.000 0.000 0.000 1.000
40.377 220.331 400.000 0.000 0.000 1.000
27.000 222.367 400.000 0.000 0.000 1.000
13.525 223.591 400.000 0.000 0.000 1.000
0.000 224.000 400.000 0.000 0.000 1.000
-13.525 223.591 400.000 0.000 0.000 1.000
-27.000 222.367 400.000 0.000 0.000 1.000
-40.377 220.331 400.000 0.000 0.000 1.000
-53.607 217.491 400.000 0.000 0.000 1.000
-66.641 213.857 400.000 0.000 0.000 1.000
-79.431 209.444 400.000 0.000 0.000 1.000
-91.932 204.266 400.000 0.000 0.000 1.000
-104.098 198.342 400.000 0.000 0.000 1.000
-115.884 191.695 400.000 0.000 0.000 1.000
-127.247 184.348 400.000 0.000 0.000 1.000
-138.145 176.329 400.000 0.000 0.000 1.000
-148.539 167.666 400.000 0.000 0.000 1.000
-158.392 158.392 400.000 0.000 0.000 1.000
-167.666 148.539 400.000 0.000 0.000 1.000
-176.329 138.145 400.000 0.000 0.000 1.000
-184.348 127.247 400.000 0.000 0.000 1.000
-191.695 115.884 400.000 0.000 0.000 1.000
-198.342 104.098 400.000 0.000 0.000 1.000
-204.266 91.932 400.000 0.000 0.000 1.000
-209.444 79.431 400.000 0.000 0.000 1.000
-213.857 66.641 400.000 0.000 0.000 1.000
-217.491 53.607 400.000 0.000 0.000 1.000
-220.331 40.377 400.000 0.000 0.000 1.000
-222.367 27.000 400.000 0.000 0.000 1.000
-223.591 13.525 400.000 0.000 0.000 1.000
-224.000 0.000 400.000 0.000 0.000 1.000
-223.591 -13.525 400.000 0.000 0.000 1.000
-222.367 -27.000 400.000 0.000 0.000 1.000
-220.331 -40.377 400.000 0.000 0.000 1.000
-217.491 -53.607 400.000 0.000 0.000 1.000
-213.857 -66.641 400.000 0.000 0.000 1.000
-209.444 -79.431 400.000 0.000 0.000 1.000
-204.266 -91.932 400.000 0.000 0.000 1.000
-198.342 -104.098 400.000 0.000 0.000 1.000
-191.695 -115.884 400.000 0.000 0.000 1.000
-184.348 -127.247 400.000 0.000 0.000 1.000
-176.329 -138.145 400.000 0.000 0.000 1.000
-167.666 -148.539 400.000 0.000 0.000 1.000
-158.392 -158.392 400.000 0.000 0.000 1.000
-148.539 -167.666 400.000 0.000 0.000 1.000
-138.145 -176.329 400.000 0.000 0.000 1.000
-127.247 -184.348 400.000 0.000 0.000 1.000
-115.884 -191.695 400.000 0.000 0.000 1.000
-104.098 -198.342 400.000 0.000 0.000 1.000
-91.932 -204.266 400.000 0.000 0.000 1.000
-79.431 -209.444 400.000 0.000 0.000 1.000
-66.641 -213.857 400.000 0.000 0.000 1.000
-53.607 -217.491 400.000 0.000 0.000 1.000
-40.377 -220.331 400.000 0.000 0.000 1.000
-27.000 -222.367 400.000 0.000 0.000 1.000
-13.525 -223.591 400.000 0.000 0.000 1.000
-0.000 -224.000 400.000 0.000 0.000 1.000
13.525 -223.591 400.000 0.000 0.000 1.000
27.000 -222.367 400.000 0.000 0.000 1.000
40.377 -220.331 400.000 0.000 0.000 1.000
53.607 -217.491 400.000 0.000 0.000 1.000
66.641 -213.857 400.000 0.000 0.000 1.000
79.431 -209.444 400.000 0.000 0.000 1.000
91.932 -204.266 400.000 0.000 0.000 1.000
104.098 -198.342 400.000 0.000 0.000 1.000
115.884 -191.695 400.000 0.000 0.000 1.000
127.247 -184.348 400.000 0.000 0.000 1.000
138.145 -176.329 400.000 0.000 0.000 1.000
148.539 -167.666 400.000 0.000 0.000 1.000
158.392 -158.392 400.000 0.000 0.000 1.000
167.666 -148.539 400.000 0.000 0.000 1.000
176.329 -138.145 400.000 0.000 0.000 1.000
184.348 -127.247 400.000 0.000 0.000 1.000
191.695 -115.884 400.000 0.000 0.000 1.000
198.342 -104.098 400.000 0.000 0.000 1.000
204.266 -91.932 400.000 0.000 0.000 1.000
209.444 -79.431 400.000 0.000 0.000 1.000
213.857 -66.641 400.000 0.000 0.000 1.000
217.491 -53.607 400.000 0.000 0.000 1.000
220.331 -40.377 400.000 0.000 0.000 1.000
222.367 -27.000 400.000 0.000 0.000 1.000
223.591 -13.525 400.000 0.000 0.000 1.000
224.000 0.000 480.000 0.000 0.000 1.000
223.591 13.525 480.000 0.000 0.000 1.000
222.367 27.000 480.000 0.000 0.000 1.000
220.331 40.377 480.000 0.000 0.000 1.000
217.491 53.607 480.000 0.000 0.000 1.000
213.857 66.641 480.000 0.000 0.000 1.000
209.444 79.431 480.000 0.000 0.000 1.000
204.266 91.932 480.000 0.000 0.000 1.000
198.342 104.098 480.000 0.000 0.000 1.000
191.695 115.884 480.000 0.000 0.000 1.000
184.348 127.247 480.000 0.000 0.000 1.000
176.329 138.145 480.000 0.000 0.000 1.000
167.666 148.539 480.000 0.000 0.000 1.000
158.392 158.392 480.000 0.000 0.000 1.000
148.539 167.666 480.000 0.000 0.000 1.000
138.145 176.329 480.000 0.000 0.000 1.000
127.247 184.348 480.000 0.000 0.000 1.000
115.884 191.695 480.000 0.000 0.000 1.000
104.098 198.342 480.000 0.000 0.000 1.000
91.932 204.266 480.000 0.000 0.000 1.000
79.431 209.444 480.000 0.000 0.000 1.000
66.641 213.857 480.000 0.000 0.000 1.000
53.607 217.491 480.000 0.000 0.000 1.000
40.377 220.331 480.000 0.000 0.000 1.000
27.000 222.367 480.000 0.000 0.000 1.000
13.525 223.591 480.000 0.000 0.000 1.000
0.000 224.000 480.000 0.000 0.000 1.000
-13.525 223.591 480.000 0.000 0.000 1.000
-27.000 222.367 480.000 0.000 0.000 1.000
-40.377 220.331 480.000 0.000 0.000 1.000
-53.607 217.491 480.000 0.000 0.000 1.000
-66.641 213.857 480.000 0.000 0.000 1.000
-79.431 209.444 480.000 0.000 0.000 1.000
-91.932 204.266 480.000 0.000 0.000 1.000
-104.098 198.342 480.000 0.000 0.000 1.000
-115.884 191.695 480.000 0.000 0.000 1.000
-127.247 184.348 480.000 0.000 0.000 1.000
-138.145 176.329 480.000 0.000 0.000 1.000
-148.539 167.666 480.000 0.000 0.000 1.000
-158.392 158.392 480.000 0.000 0.000 1.000
-167.666 148.539 480.000 0.000 0.000 1.000
-176.329 138.145 480.000 0.000 0.000 1.000
-184.348 127.247 480.000 0.000 0.000 1.000
-191.695 115.884 480.000 0.000 0.000 1.000
-198.342 104.098 480.000 0.000 0.000 1.000
-204.266 91.932 480.000 0.000 0.000 1.000
-209.444 79.431 480.000 0.000 0.000 1.000
-213.857 66.641 480.000 0.000 0.000 1.000
-217.491 53.607 480.000 0.000 0.000 1.000
-220.331 40.377 480.000 0.000 0.000 1.000
-222.367 27.000 480.000 0.000 0.000 1.000
-223.591 13.525 480.000 0.000 0.000 1.000
-224.000 0.000 480.000 0.000 0.000 1.000
-223.591 -13.525 480.000 0.000 0.000 1.000
-222.367 -27.000 480.000 0.000 0.000 1.000
-220.331 -40.377 480.000 0.000 0.000 1.000
-217.491 -53.607 480.000 0.000 0.000 1.000
-213.857 -66.641 480.000 0.000 0.000 1.000
-209.444 -79.431 480.000 0.000 0.000 1.000
-204.266 -91.932 480.000 0.000 0.000 1.000
-198.342 -104.098 480.000 0.000 0.000 1.000
-191.695 -115.884 480.000 0.000 0.000 1.000
-184.348 -127.247 480.000 0.000 0.000 1.000
-176.329 -138.145 480.000 0.000 0.000 1.000
-167.666 -148.539 480.000 0.000 0.000 1.000
-158.392 -158.392 480.000 0.000 0.000 1.000
-148.539 -167.666 480.000 0.000 0.000 1.000
-138.145 -176.329 480.000 0.000 0.000 1.000
-127.247 -184.348 480.000 0.000 0.000 1.000
-115.884 -191.695 480.000 0.000 0.000 1.000
-104.098 -198.342 480.000 0.000 0.000 1.000
-91.932 -204.266 480.000 0.000 0.000 1.000
-79.431 -209.444 480.000 0.000 0.000 1.000
-66.641 -213.857 480.000 0.000 0.000 1.000
-53.607 -217.491 480.000 0.000 0.000 1.000
-40.377 -220.331 480.000 0.000 0.000 1.000
-27.000 -222.367 480.000 0.000 0.000 1.000
-13.525 -223.591 480.000 0.000 0.000 1.000
-0.000 -224.000 480.000 0.000 0.000 1.000
13.525 -223.591 480.000 0.000 0.000 1.000
27.000 -222.367 480.000 0.000 0.000 1.000
40.377 -220.331 480.000 0.000 0.000 1.000
53.607 -217.491 480.000 0.000 0.000 1.000
66.641 -213.857 480.000 0.000 0.000 1.000
79.431 -209.444 480.000 0.000 0.000 1.000
91.932 -204.266 480.000 0.000 0.000 1.000
104.098 -198.342 480.000 0.000 0.000 1.000
115.884 -191.695 480.000 0.000 0.000 1.000
127.247 -184.348 480.000 0.000 0.000 1.000
138.145 -176.329 480.000 0.000 0.000 1.000
148.539 -167.666 480.000 0.000 0.000 1.000
158.392 -158.392 480.000 0.000 0.000 1.000
167.666 -148.539 480.000 0.000 0.000 1.000
176.329 -138.145 480.000 0.000 0.000 1.000
184.348 -127.247 480.000 0.000 0.000 1.000
191.695 -115.884 480.000 0.000 0.000 1.000
198.342 -104.098 480.000 0.000 0.000 1.000
204.266 -91.932 480.000 0.000 0.000 1.000
209.444 -79.431 480.000 0.000 0.000 1.000
213.857 -66.641 480.000 0.000 0.000 1.000
217.491 -53.607 480.000 0.000 0.000 1.000
220.331 -40.377 480.000 0.000 0.000 1.000
222.367 -27.000 480.000 0.000 0.000 1.000
223.591 -13.525 480.000 0.000 0.000 1.000
224.000 0.000 560.000 0.000 0.000 1.000
223.591 13.525 560.000 0.000 0.000 1.000
222.367 27.000 560.000 0.000 0.000 1.000
220.331 40.377 560.000 0.000 0.000 1.000
217.491 53.607 560.000 0.000 0.000 1.000
213.857 66.641 560.000 0.000 0.000 1.000
209.444 79.431 560.000 0.000 0.000 1.000
204.266 91.932 560.000 0.000 0.000 1.000
198.342 104.098 560.000 0.000 0.000 1.000
191.695 115.884 560.000 0.000 0.000 1.000
184.348 127.247 560.000 0.000 0.000 1.000
176.329 138.145 560.000 0.000 0.000 1.000
167.666 148.539 560.000 0.000 0.000 1.000
158.392 158.392 560.000 0.000 0.000 1.000
148.539 167.666 560.000 0.000 0.000 1.000
138.145 176.329 560.000 0.000 0.000 1.000
127.247 184.348 560.000 0.000 0.000 1.000
115.884 191.695 560.000 0.000 0.000 1.000
104.098 198.342 560.000 0.000 0.000 1.000
91.932 204.266 560.000 0.000 0.000 1.000
79.431 209.444 560.000 0.000 0.000 1.000
66.641 213.857 560.000 0.000 0.000 1.000
53.607 217.491 560.000 0.000 0.000 1.000
40.377 220.331 560.000 0.000 0.000 1.000
27.000 222.367 560.000 0.000 0.000 1.000
13.525 223.591 560.000 0.000 0.000 1.000
0.000 224.000 560.000 0.000 0.000 1.000
-13.525 223.591 560.000 0.000 0.000 1.000
-27.000 222.367 560.000 0.000 0.000 1.000
-40.377 220.331 560.000 0.000 0.000 1.000
-53.607 217.491 560.000 0.000 0.000 1.000
-66.641 213.857 560.000 0.000 0.000 1.000
-79.431 209.444 560.000 0.000 0.000 1.000
-91.932 204.266 560.000 0.000 0.000 1.000
-104.098 198.342 560.000 0.000 0.000 1.000
-115.884 191.695 560.000 0.000 0.000 1.000
-127.247 184.348 560.000 0.000 0.000 1.000
-138.145 176.329 560.000 0.000 0.000 1.000
-148.539 167.666 560.000 0.000 0.000 1.000
-158.392 158.392 560.000 0.000 0.000 1.000
-167.666 148.539 560.000 0.000 0.000 1.000
-176.329 138.145 560.000 0.000 0.000 1.000
-184.348 127.247 560.000 0.000 0.000 1.000
-191.695 115.884 560.000 0.000 0.000 1.000
-198.342 104.098 560.000 0.000 0.000 1.000
-204.266 91.932 560.000 0.000 0.000 1.000
-209.444 79.431 560.000 0.000 0.000 1.000
-213.857 66.641 560.000 0.000 0.000 1.000
-217.491 53.607 560.000 0.000 0.000 1.000
-220.331 40.377 560.000 0.000 0.000 1.000
-222.367 27.000 560.000 0.000 0.000 1.000
-223.591 13.525 560.000 0.000 0.000 1.000
-224.000 0.000 560.000 0.000 0.000 1.000
-223.591 -13.525 560.000 0.000 0.000 1.000
-222.367 -27.000 560.000 0.000 0.000 1.000
-220.331 -40.377 560.000 0.000 0.000 1.000
-217.491 -53.607 560.000 0.000 0.000 1.000
-213.857 -66.641 560.000 0.000 0.000 1.000
-209.444 -79.431 560.000 0.000 0.000 1.000
-204.266 -91.932 560.000 0.000 0.000 1.000
-198.342 -104.098 560.000 0.000 0.000 1.000
-191.695 -115.884 560.000 0.000 0.000 1.000
-184.348 -127.247 560.000 0.000 0.000 1.000
-176.329 -138.145 560.000 0.000 0.000 1.000
-167.666 -148.539 560.000 0.000 0.000 1.000
-158.392 -158.392 560.000 0.000 0.000 1.000
-148.539 -167.666 560.000 0.000 0.000 1.000
-138.145 -176.329 560.000 0.000 0.000 1.000
-127.247 -184.348 560.000 0.000 0.000 1.000
-115.884 -191.695 560.000 0.000 0.000 1.000
-104.098 -198.342 560.000 0.000 0.000 1.000
-91.932 -204.266 560.000 0.000 0.000 1.000
-79.431 -209.444 560.000 0.000 0.000 1.000
-66.641 -213.857 560.000 0.000 0.000 1.000
-53.607 -217.491 560.000 0.000 0.000 1.000
-40.377 -220.331 560.000 0.000 0.000 1.000
-27.000 -222.367 560.000 0.000 0.000 1.000
-13.525 -223.591 560.000 0.000 0.000 1.000
-0.000 -224.000 560.000 0.000 0.000 1.000
13.525 -223.591 560.000 0.000 0.000 1.000
27.000 -222.367 560.000 0.000 0.000 1.000
40.377 -220.331 560.000 0.000 0.000 1.000
53.607 -217.491 560.000 0.000 0.000 1.000
66.641 -213.857 560.000 0.000 0.000 1.000
79.431 -209.444 560.000 0.000 0.000 1.000
91.932 -204.266 560.000 0.000 0.000 1.000
104.098 -198.342 560.000 0.000 0.000 1.000
115.884 -191.695 560.000 0.000 0.000 1.000
127.247 -184.348 560.000 0.000 0.000 1.000
138.145 -176.329 560.000 0.000 0.000 1.000
148.539 -167.666 560.000 0.000 0.000 1.000
158.392 -158.392 560.000 0.000 0.000 1.000
167.666 -148.539 560.000 0.000 0.000 1.000
176.329 -138.145 560.000 0.000 0.000 1.000
184.348 -127.247 560.000 0.000 0.000 1.000
191.695 -115.884 560.000 0.000 0.000 1.000
198.342 -104.098 560.000 0.000 0.000 1.000
204.266 -91.932 560.000 0.000 0.000 1.000
209.444 -79.431 560.000 0.000 0.000 1.000
213.857 -66.641 560.000 0.000 0.000 1.000
217.491 -53.607 560.000 0.000 0.000 1.000
220.331 -40.377 560.000 0.000 0.000 1.000
222.367 -27.000 560.000 0.000 0.000 1.000
223.591 -13.525 560.000 0.000 0.000 1.000
224.000 0.000 640.000 0.000 0.000 1.000
223.591 13.525 640.000 0.000 0.000 1.000
222.367 27.000 640.000 0.000 0.000 1.000
220.331 40.377 640.000 0.000 0.000 1.000
217.491 53.607 640.000 0.000 0.000 1.000
213.857 66.641 640.000 0.000 0.000 1.000
209.444 79.431 640.000 0.000 0.000 1.000
204.266 91.932 640.000 0.000 0.000 1.000
198.342 104.098 640.000 0.000 0.000 1.000
191.695 115.884 640.000 0.000 0.000 1.000
184.348 127.247 640.000 0.000 0.000 1.000
176.329 138.145 640.000 0.000 0.000 1.000
167.666 148.539 640.000 0.000 0.000 1.000
158.392 158.392 640.000 0.000 0.000 1.000
148.539 167.666 640.000 0.000 0.000 1.000
138.145 176.329 640.000 0.000 0.000 1.000
127.247 184.348 640.000 0.000 0.000 1.000
115.884 191.695 640.000 0.000 0.000 1.000
104.098 198.342 640.000 0.000 0.000 1.000
91.932 204.266 640.000 0.000 0.000 1.000
79.431 209.444 640.000 0.000 0.000 1.000
66.641 213.857 640.000 0.000 0.000 1.000
53.607 217.491 640.000 0.000 0.000 1.000
40.377 220.331 640.000 0.000 0.000 1.000
27.000 222.367 640.000 0.000 0.000 1.000
13.525 223.591 640.000 0.000 0.000 1.000
0.000 224.000 640.000 0.000 0.000 1.000
-13.525 223.591 640.000 0.000 0.000 1.000
-27.000 222.367 640.000 0.000 0.000 1.000
-40.377 220.331 640.000 0.000 0.000 1.000
-53.607 217.491 640.000 0.000 0.000 1.000
-66.641 213.857 640.000 0.000 0.000 1.000
-79.431 209.444 640.000 0.000 0.000 1.000
-91.932 204.266 640.000 0.000 0.000 1.000
-104.098 198.342 640.000 0.000 0.000 1.000
-115.884 191.695 640.000 0.000 0.000 1.000
-127.247 184.348 640.000 0.000 0.000 1.000
-138.145 176.329 640.000 0.000 0.000 1.000
-148.539 167.666 640.000 0.000 0.000 1.000
-158.392 158.392 640.000 0.000 0.000 1.000
-167.666 148.539 640.000 0.000 0.000 1.000
-176.329 138.145 640.000 0.000 0.000 1.000
-184.348 127.247 640.000 0.000 0.000 1.000
-191.695 115.884 640.000 0.000 0.000 1.000
-198.342 104.098 640.000 0.000 0.000 1.000
-204.266 91.932 640.000 0.000 0.000 1.000
-209.444 79.431 640.000 0.000 0.000 1.000
-213.857 66.641 640.000 0.000 0.000 1.000
-217.491 53.607 640.000 0.000 0.000 1.000
-220.331 40.377 640.000 0.000 0.000 1.000
-222.367 27.000 640.000 0.000 0.000 1.000
-223.591 13.525 640.000 0.000 0.000 1.000
-224.000 0.000 640.000 0.000 0.000 1.000
-223.591 -13.525 640.000 0.000 0.000 1.000
-222.367 -27.000 640.000 0.000 0.000 1.000
-220.331 -40.377 640.000 0.000 0.000 1.000
-217.491 -53.607 640.000 0.000 0.000 1.000
-213.857 -66.641 640.000 0.000 0.000 1.000
-209.444 -79.431 640.000 0.000 0.000 1.000
-204.266 -91.932 640.000 0.000 0.000 1.000
-198.342 -104.098 640.000 0.000 0.000 1.000
-191.695 -115.884 640.000 0.000 0.000 1.000
-184.348 -127.247 640.000 0.000 0.000 1.000
-176.329 -138.145 640.000 0.000 0.000 1.000
-167.666 -148.539 640.000 0.000 0.000 1.000
-158.392 -158.392 640.000 0.000 0.000 1.000
-148.539 -167.666 640.000 0.000 0.000 1.000
-138.145 -176.329 640.000 0.000 0.000 1.000
-127.247 -184.348 640.000 0.000 0.000 1.000
-115.884 -191.695 640.000 0.000 0.000 1.000
-104.098 -198.342 640.000 0.000 0.000 1.000
-91.932 -204.266 640.000 0.000 0.000 1.000
-79.431 -209.444 640.000 0.000 0.000 1.000
-66.641 -213.857 640.000 0.000 0.000 1.000
-53.607 -217.491 640.000 0.000 0.000 1.000
-40.377 -220.331 640.000 0.000 0.000 1.000
-27.000 -222.367 640.000 0.000 0.000 1.000
-13.525 -223.591 640.000 0.000 0.000 1.000
-0.000 -224.000 640.000 0.000 0.000 1.000
13.525 -223.591 640.000 0.000 0.000 1.000
27.000 -222.367 640.000 0.000 0.000 1.000
40.377 -220.331 640.000 0.000 0.000 1.000
53.607 -217.491 640.000 0.000 0.000 1.000
66.641 -213.857 640.000 0.000 0.000 1.000
79.431 -209.444 640.000 0.000 0.000 1.000
91.932 -204.266 640.000 0.000 0.000 1.000
104.098 -198.342 640.000 0.000 0.000 1.000
115.884 -191.695 640.000 0.000 0.000 1.000
127.247 -184.348 640.000 0.000 0.000 1.000
138.145 -176.329 640.000 0.000 0.000 1.000
148.539 -167.666 640.000 0.000 0.000 1.000
158.392 -158.392 640.000 0.000 0.000 1.000
167.666 -148.539 640.000 0.000 0.000 1.000
176.329 -138.145 640.000 0.000 0.000 1.000
184.348 -127.247 640.000 0.000 0.000 1.000
191.695 -115.884 640.000 0.000 0.000 1.000
198.342 -104.098 640.000 0.000 0.000 1.000
204.266 -91.932 640.000 0.000 0.000 1.000
209.444 -79.431 640.000 0.000 0.000 1.000
213.857 -66.641 640.000 0.000 0.000 1.000
217.491 -53.607 640.000 0.000 0.000 1.000
220.331 -40.377 640.000 0.000 0.000 1.000
222.367 -27.000 640.000 0.000 0.000 1.000
223.591 -13.525 640.000 0.000 0.000 1.000
224.000 0.000 720.000 0.000 0.000 1.000
223.591 13.525 720.000 0.000 0.000 1.000
222.367 27.000 720.000 0.000 0.000 1.000
220.331 40.377 720.000 0.000 0.000 1.000
217.491 53.607 720.000 0.000 0.000 1.000
213.857 66.641 720.000 0.000 0.000 1.000
209.444 79.431 720.000 0.000 0.000 1.000
204.266 91.932 720.000 0.000 0.000 1.000
198.342 104.098 720.000 0.000 0.000 1.000
191.695 115.884 720.000 0.000 0.000 1.000
184.348 127.247 720.000 0.000 0.000 1.000
176.329 138.145 720.000 0.000 0.000 1.000
167.666 148.539 720.000 0.000 0.000 1.000
158.392 158.392 720.000 0.000 0.000 1.000
148.539 167.666 720.000 0.000 0.000 1.000
138.145 176.329 720.000 0.000 0.000 1.000
127.247 184.348 720.000 0.000 0.000 1.000
115.884 191.695 720.000 0.000 0.000 1.000
104.098 198.342 720.000 0.000 0.000 1.000
91.932 204.266 720.000 0.000 0.000 1.000
79.431 209.444 720.000 0.000 0.000 1.000
66.641 213.857 720.000 0.000 0.000 1.000
53.607 217.491 720.000 0.000 0.000 1.000
40.377 220.331 720.000 0.000 0.000 1.000
27.000 222.367 720.000 0.000 0.000 1.000
13.525 223.591 720.000 0.000 0.000 1.000
0.000 224.000 720.000 0.000 0.000 1.000
-13.525 223.591 720.000 0.000 0.000 1.000
-27.000 222.367 720.000 0.000 0.000 1.000
-40.377 220.331 720.000 0.000 0.000 1.000
-53.607 217.491 720.000 0.000 0.000 1.000
-66.641 213.857 720.000 0.000 0.000 1.000
-79.431 209.444 720.000 0.000 0.000 1.000
-91.932 204.266 720.000 0.000 0.000 1.000
-104.098 198.342 720.000 0.000 0.000 1.000
-115.884 191.695 720.000 0.000 0.000 1.000
-127.247 184.348 720.000 0.000 0.000 1.000
-138.145 176.329 720.000 0.000 0.000 1.000
-148.539 167.666 720.000 0.000 0.000 1.000
-158.392 158.392 720.000 0.000 0.000 1.000
-167.666 148.539 720.000 0.000 0.000 1.000
-176.329 138.145 720.000 0.000 0.000 1.000
-184.348 127.247 720.000 0.000 0.000 1.000
-191.695 115.884 720.000 0.000 0.000 1.000
-198.342 104.098 720.000 0.000 0.000 1.000
-204.266 91.932 720.000 0.000 0.000 1.000
-209.444 79.431 720.000 0.000 0.000 1.000
-213.857 66.641 720.000 0.000 0.000 1.000
-217.491 53.607 720.000 0.000 0.000 1.000
-220.331 40.377 720.000 0.000 0.000 1.000
-222.367 27.000 720.000 0.000 0.000 1.000
-223.591 13.525 720.000 0.000 0.000 1.000
-224.000 0.000 720.000 0.000 0.000 1.000
-223.591 -13.525 720.000 0.000 0.000 1.000
-222.367 -27.000 720.000 0.000 0.000 1.000
-220.331 -40.377 720.000 0.000 0.000 1.000
-217.491 -53.607 720.000 0.000 0.000 1.000
-213.857 -66.641 720.000 0.000 0.000 1.000
-209.444 -79.431 720.000 0.000 0.000 1.000
-204.266 -91.932 720.000 0.000 0.000 1.000
-198.342 -104.098 720.000 0.000 0.000 1.000
-191.695 -115.884 720.000 0.000 0.000 1.000
-184.348 -127.247 720.000 0.000 0.000 1.000
-176.329 -138.145 720.000 0.000 0.000 1.000
-167.666 -148.539 720.000 0.000 0.000 1.000
-158.392 -158.392 720.000 0.000 0.000 1.000
-148.539 -167.666 720.000 0.000 0.000 1.000
-138.145 -176.329 720.000 0.000 0.000 1.000
-127.247 -184.348 720.000 0.000 0.000 1.000
-115.884 -191.695 720.000 0.000 0.000 1.000
-104.098 -198.342 720.000 0.000 0.000 1.000
-91.932 -204.266 720.000 0.000 0.000 1.000
-79.431 -209.444 720.000 0.000 0.000 1.000
-66.641 -213.857 720.000 0.000 0.000 1.000
-53.607 -217.491 720.000 0.000 0.000 1.000
-40.377 -220.331 720.000 0.000 0.000 1.000
-27.000 -222.367 720.000 0.000 0.000 1.000
-13.525 -223.591 720.000 0.000 0.000 1.000
-0.000 -224.000 720.000 0.000 0.000 1.000
13.525 -223.591 720.000 0.000 0.000 1.000
27.000 -222.367 720.000 0.000 0.000 1.000
40.377 -220.331 720.000 0.000 0.000 1.000
53.607 -217.491 720.000 0.000 0.000 1.000
66.641 -213.857 720.000 0.000 0.000 1.000
79.431 -209.444 720.000 0.000 0.000 1.000
91.932 -204.266 720.000 0.000 0.000 1.000
104.098 -198.342 720.000 0.000 0.000 1.000
115.884 -191.695 720.000 0.000 0.000 1.000
127.247 -184.348 720.000 0.000 0.000 1.000
138.145 -176.329 720.000 0.000 0.000 1.000
148.539 -167.666 720.000 0.000 0.000 1.000
158.392 -158.392 720.000 0.000 0.000 1.000
167.666 -148.539 720.000 0.000 0.000 1.000
176.329 -138.145 720.000 0.000 0.000 1.000
184.348 -127.247 720.000 0.000 0.000 1.000
191.695 -115.884 720.000 0.000 0.000 1.000
198.342 -104.098 720.000 0.000 0.000 1.000
204.266 -91.932 720.000 0.000 0.000 1.000
209.444 -79.431 720.000 0.000 0.000 1.000
213.857 -66.641 720.000 0.000 0.000 1.000
217.491 -53.607 720.000 0.000 0.000 1.000
220.331 -40.377 720.000 0.000 0.000 1.000
222.367 -27.000 720.000 0.000 0.000 1.000
223.591 -13.525 720.000 0.000 0.000 1.000
224.000 0.000 800.000 0.000 0.000 1.000
223.591 13.525 800.000 0.000 0.000 1.000
222.367 27.000 800.000 0.000 0.000 1.000
220.331 40.377 800.000 0.000 0.000 1.000
217.491 53.607 800.000 0.000 0.000 1.000
213.857 66.641 800.000 0.000 0.000 1.000
209.444 79.431 800.000 0.000 0.000 1.000
204.266 91.932 800.000 0.000 0.000 1.000
198.342 104.098 800.000 0.000 0.000 1.000
191.695 115.884 800.000 0.000 0.000 1.000
184.348 127.247 800.000 0.000 0.000 1.000
176.329 138.145 800.000 0.000 0.000 1.000
167.666 148.539 800.000 0.000 0.000 1.000
158.392 158.392 800.000 0.000 0.000 1.000
148.539 167.666 800.000 0.000 0.000 1.000
138.145 176.329 800.000 0.000 0.000 1.000
127.247 184.348 800.000 0.000 0.000 1.000
115.884 191.695 800.000 0.000 0.000 1.000
104.098 198.342 800.000 0.000 0.000 1.000
91.932 204.266 800.000 0.000 0.000 1.000
79.431 209.444 800.000 0.000 0.000 1.000
66.641 213.857 800.000 0.000 0.000 1.000
53.607 217.491 800.000 0.000 0.000 1.000
40.377 220.331 800.000 0.000 0.000 1.000
27.000 222.367 800.000 0.000 0.000 1.000
13.525 223.591 800.000 0.000 0.000 1.000
0.000 224.000 800.000 0.000 0.000 1.000
-13.525 223.591 800.000 0.000 0.000 1.000
-27.000 222.367 800.000 0.000 0.000 1.000
-40.377 220.331 800.000 0.000 0.000 1.000
-53.607 217.491 800.000 0.000 0.000 1.000
-66.641 213.857 800.000 0.000 0.000 1.000
-79.431 209.444 800.000 0.000 0.000 1.000
-91.932 204.266 800.000 0.000 0.000 1.000
-104.098 198.342 800.000 0.000 0.000 1.000
-115.884 191.695 800.000 0.000 0.000 1.000
-127.247 184.348 800.000 0.000 0.000 1.000
-138.145 176.329 800.000 0.000 0.000 1.000
-148.539 167.666 800.000 0.000 0.000 1.000
-158.392 158.392 800.000 0.000 0.000 1.000
-167.666 148.539 800.000 0.000 0.000 1.000
-176.329 138.145 800.000 0.000 0.000 1.000
-184.348 127.247 800.000 0.000 0.000 1.000
-191.695 115.884 800.000 0.000 0.000 1.000
-198.342 104.098 800.000 0.000 0.000 1.000
-204.266 91.932 800.000 0.000 0.000 1.000
-209.444 79.431 800.000 0.000 0.000 1.000
-213.857 66.641 800.000 0.000 0.000 1.000
-217.491 53.607 800.000 0.000 0.000 1.000
-220.331 40.377 800.000 0.000 0.000 1.000
-222.367 27.000 800.000 0.000 0.000 1.000
-223.591 13.525 800.000 0.000 0.000 1.000
-224.000 0.000 800.000 0.000 0.000 1.000
-223.591 -13.525 800.000 0.000 0.000 1.000
-222.367 -27.000 800.000 0.000 0.000 1.000
-220.331 -40.377 800.000 0.000 0.000 1.000
-217.491 -53.607 800.000 0.000 0.000 1.000
-213.857 -66.641 800.000 0.000 0.000 1.000
-209.444 -79.431 800.000 0.000 0.000 1.000
-204.266 -91.932 800.000 0.000 0.000 1.000
-198.342 -104.098 800.000 0.000 0.000 1.000
-191.695 -115.884 800.000 0.000 0.000 1.000
-184.348 -127.247 800.000 0.000 0.000 1.000
-176.329 -138.145 800.000 0.000 0.000 1.000
-167.666 -148.539 800.000 0.000 0.000 1.000
-158.392 -158.392 800.000 0.000 0.000 1.000
-148.539 -167.666 800.000 0.000 0.000 1.000
-138.145 -176.329 800.000 0.000 0.000 1.000
-127.247 -184.348 800.000 0.000 0.000 1.000
-115.884 -191.695 800.000 0.000 0.000 1.000
-104.098 -198.342 800.000 0.000 0.000 1.000
-91.932 -204.266 800.000 0.000 0.000 1.000
-79.431 -209.444 800.000 0.000 0.000 1.000
-66.641 -213.857 800.000 0.000 0.000 1.000
-53.607 -217.491 800.000 0.000 0.000 1.000
-40.377 -220.331 800.000 0.000 0.000 1.000
-27.000 -222.367 800.000 0.000 0.000 1.000
-13.525 -223.591 800.000 0.000 0.000 1.000
-0.000 -224.000 800.000 0.000 0.000 1.000
13.525 -223.591 800.000 0.000 0.000 1.000
27.000 -222.367 800.000 0.000 0.000 1.000
40.377 -220.331 800.000 0.000 0.000 1.000
53.607 -217.491 800.000 0.000 0.000 1.000
66.641 -213.857 800.000 0.000 0.000 1.000
79.431 -209.444 800.000 0.000 0.000 1.000
91.932 -204.266 800.000 0.000 0.000 1.000
104.098 -198.342 800.000 0.000 0.000 1.000
115.884 -191.695 800.000 0.000 0.000 1.000
127.247 -184.348 800.000 0.000 0.000 1.000
138.145 -176.329 800.000 0.000 0.000 1.000
148.539 -167.666 800.000 0.000 0.000 1.000
158.392 -158.392 800.000 0.000 0.000 1.000
167.666 -148.539 800.000 0.000 0.000 1.000
176.329 -138.145 800.000 0.000 0.000 1.000
184.348 -127.247 800.000 0.000 0.000 1.000
191.695 -115.884 800.000 0.000 0.000 1.000
198.342 -104.098 800.000 0.000 0.000 1.000
204.266 -91.932 800.000 0.000 0.000 1.000
209.444 -79.431 800.000 0.000 0.000 1.000
213.857 -66.641 800.000 0.000 0.000 1.000
217.491 -53.607 800.000 0.000 0.000 1.000
220.331 -40.377 800.000 0.000 0.000 1.000
222.367 -27.000 800.000 0.000 0.000 1.000
223.591 -13.525 800.000 0.000 0.000 1.000
224.000 0.000 880.000 0.000 0.000 1.000
223.591 13.525 880.000 0.000 0.000 1.000
222.367 27.000 880.000 0.000 0.000 1.000
220.331 40.377 880.000 0.000 0.000 1.000
217.491 53.607 880.000 0.000 0.000 1.000
213.857 66.641 880.000 0.000 0.000 1.000
209.444 79.431 880.000 0.000 0.000 1.000
204.266 91.932 880.000 0.000 0.000 1.000
198.342 104.098 880.000 0.000 0.000 1.000
191.695 115.884 880.000 0.000 0.000 1.000
184.348 127.247 880.000 0.000 0.000 1.000
176.329 138.145 880.000 0.000 0.000 1.000
167.666 148.539 880.000 0.000 0.000 1.000
158.392 158.392 880.000 0.000 0.000 1.000
148.539 167.666 880.000 0.000 0.000 1.000
138.145 176.329 880.000 0.000 0.000 1.000
127.247 184.348 880.000 0.000 0.000 1.000
115.884 191.695 880.000 0.000 0.000 1.000
104.098 198.342 880.000 0.000 0.000 1.000
91.932 204.266 880.000 0.000 0.000 1.000
79.431 209.444 880.000 0.000 0.000 1.000
66.641 213.857 880.000 0.000 0.000 1.000
53.607 217.491 880.000 0.000 0.000 1.000
40.377 220.331 880.000 0.000 0.000 1.000
27.000 222.367 880.000 0.000 0.000 1.000
13.525 223.591 880.000 0.000 0.000 1.000
0.000 224.000 880.000 0.000 0.000 1.000
-13.525 223.591 880.000 0.000 0.000 1.000
-27.000 222.367 880.000 0.000 0.000 1.000
-40.377 220.331 880.000 0.000 0.000 1.000
-53.607 217.491 880.000 0.000 0.000 1.000
-66.641 213.857 880.000 0.000 0.000 1.000
-79.431 209.444 880.000 0.000 0.000 1.000
-91.932 204.266 880.000 0.000 0.000 1.000
-104.098 198.342 880.000 0.000 0.000 1.000
-115.884 191.695 880.000 0.000 0.000 1.000
-127.247 184.348 880.000 0.000 0.000 1.000
-138.145 176.329 880.000 0.000 0.000 1.000
-148.539 167.666 880.000 0.000 0.000 1.000
-158.392 158.392 880.000 0.000 0.000 1.000
-167.666 148.539 880.000 0.000 0.000 1.000
-176.329 138.145 880.000 0.000 0.000 1.000
-184.348 127.247 880.000 0.000 0.000 1.000
-191.695 115.884 880.000 0.000 0.000 1.000
-198.342 104.098 880.000 0.000 0.000 1.000
-204.266 91.932 880.000 0.000 0.000 1.000
-209.444 79.431 880.000 0.000 0.000 1.000
-213.857 66.641 880.000 0.000 0.000 1.000
-217.491 53.607 880.000 0.000 0.000 1.000
-220.331 40.377 880.000 0.000 0.000 1.000
-222.367 27.000 880.000 0.000 0.000 1.000
-223.591 13.525 880.000 0.000 0.000 1.000
-224.000 0.000 880.000 0.000 0.000 1.000
-223.591 -13.525 880.000 0.000 0.000 1.000
-222.367 -27.000 880.000 0.000 0.000 1.000
-220.331 -40.377 880.000 0.000 0.000 1.000
-217.491 -53.607 880.000 0.000 0.000 1.000
-213.857 -66.641 880.000 0.000 0.000 1.000
-209.444 -79.431 880.000 0.000 0.000 1.000
-204.266 -91.932 880.000 0.000 0.000 1.000
-198.342 -104.098 880.000 0.000 0.000 1.000
-191.695 -115.884 880.000 0.000 0.000 1.000
-184.348 -127.247 880.000 0.000 0.000 1.000
-176.329 -138.145 880.000 0.000 0.000 1.000
-167.666 -148.539 880.000 0.000 0.000 1.000
-158.392 -158.392 880.000 0.000 0.000 1.000
-148.539 -167.666 880.000 0.000 0.000 1.000
-138.145 -176.329 880.000 0.000 0.000 1.000
-127.247 -184.348 880.000 0.000 0.000 1.000
-115.884 -191.695 880.000 0.000 0.000 1.000
-104.098 -198.342 880.000 0.000 0.000 1.000
-91.932 -204.266 880.000 0.000 0.000 1.000
-79.431 -209.444 880.000 0.000 0.000 1.000
-66.641 -213.857 880.000 0.000 0.000 1.000
-53.607 -217.491 880.000 0.000 0.000 1.000
-40.377 -220.331 880.000 0.000 0.000 1.000
-27.000 -222.367 880.000 0.000 0.000 1.000
-13.525 -223.591 880.000 0.000 0.000 1.000
-0.000 -224.000 880.000 0.000 0.000 1.000
13.525 -223.591 880.000 0.000 0.000 1.000
27.000 -222.367 880.000 0.000 0.000 1.000
40.377 -220.331 880.000 0.000 0.000 1.000
53.607 -217.491 880.000 0.000 0.000 1.000
66.641 -213.857 880.000 0.000 0.000 1.000
79.431 -209.444 880.000 0.000 0.000 1.000
91.932 -204.266 880.000 0.000 0.000 1.000
104.098 -198.342 880.000 0.000 0.000 1.000
115.884 -191.695 880.000 0.000 0.000 1.000
127.247 -184.348 880.000 0.000 0.000 1.000
138.145 -176.329 880.000 0.000 0.000 1.000
148.539 -167.666 880.000 0.000 0.000 1.000
158.392 -158.392 880.000 0.000 0.000 1.000
167.666 -148.539 880.000 0.000 0.000 1.000
176.329 -138.145 880.000 0.000 0.000 1.000
184.348 -127.247 880.000 0.000 0.000 1.000
191.695 -115.884 880.000 0.000 0.000 1.000
198.342 -104.098 880.000 0.000 0.000 1.000
204.266 -91.932 880.000 0.000 0.000 1.000
209.444 -79.431 880.000 0.000 0.000 1.000
213.857 -66.641 880.000 0.000 0.000 1.000
217.491 -53.607 880.000 0.000 0.000 1.000
220.331 -40.377 880.000 0.000 0.000 1.000
222.367 -27.000 880.000 0.000 0.000 1.000
223.591 -13.525 880.000 0.000 0.000 1.000
224.000 0.000 960.000 0.000 0.000 1.000
223.591 13.525 960.000 0.000 0.000 1.000
222.367 27.000 960.000 0.000 0.000 1.000
220.331 40.377 960.000 0.000 0.000 1.000
217.491 53.607 960.000 0.000 0.000 1.000
213.857 66.641 960.000 0.000 0.000 1.000
209.444 79.431 960.000 0.000 0.000 1.000
204.266 91.932 960.000 0.000 0.000 1.000
198.342 104.098 960.000 0.000 0.000 1.000
191.695 115.884 960.000 0.000 0.000 1.000
184.348 127.247 960.000 0.000 0.000 1.000
176.329 138.145 960.000 0.000 0.000 1.000
167.666 148.539 960.000 0.000 0.000 1.000
158.392 158.392 960.000 0.000 0.000 1.000
148.539 167.666 960.000 0.000 0.000 1.000
138.145 176.329 960.000 0.000 0.000 1.000
127.247 184.348 960.000 0.000 0.000 1.000
115.884 191.695 960.000 0.000 0.000 1.000
104.098 198.342 960.000 0.000 0.000 1.000
91.932 204.266 960.000 0.000 0.000 1.000
79.431 209.444 960.000 0.000 0.000 1.000
66.641 213.857 960.000 0.000 0.000 1.000
53.607 217.491 960.000 0.000 0.000 1.000
40.377 220.331 960.000 0.000 0.000 1.000
27.000 222.367 960.000 0.000 0.000 1.000
13.525 223.591 960.000 0.000 0.000 1.000
0.000 224.000 960.000 0.000 0.000 1.000
-13.525 223.591 960.000 0.000 0.000 1.000
-27.000 222.367 960.000 0.000 0.000 1.000
-40.377 220.331 960.000 0.000 0.000 1.000
-53.607 217.491 960.000 0.000 0.000 1.000
-66.641 213.857 960.000 0.000 0.000 1.000
-79.431 209.444 960.000 0.000 0.000 1.000
-91.932 204.266 960.000 0.000 0.000 1.000
-104.098 198.342 960.000 0.000 0.000 1.000
-115.884 191.695 960.000 0.000 0.000 1.000
-127.247 184.348 960.000 0.000 0.000 1.000
-138.145 176.329 960.000 0.000 0.000 1.000
-148.539 167.666 960.000 0.000 0.000 1.000
-158.392 158.392 960.000 0.000 0.000 1.000
-167.666 148.539 960.000 0.000 0.000 1.000
-176.329 138.145 960.000 0.000 0.000 1.000
-184.348 127.247 960.000 0.000 0.000 1.000
-191.695 115.884 960.000 0.000 0.000 1.000
-198.342 104.098 960.000 0.000 0.000 1.000
-204.266 91.932 960.000 0.000 0.000 1.000
-209.444 79.431 960.000 0.000 0.000 1.000
-213.857 66.641 960.000 0.000 0.000 1.000
-217.491 53.607 960.000 0.000 0.000 1.000
-220.331 40.377 960.000 0.000 0.000 1.000
-222.367 27.000 960.000 0.000 0.000 1.000
-223.591 13.525 960.000 0.000 0.000 1.000
-224.000 0.000 960.000 0.000 0.000 1.000
-223.591 -13.525 960.000 0.000 0.000 1.000
-222.367 -27.000 960.000 0.000 0.000 1.000
-220.331 -40.377 960.000 0.000 0.000 1.000
-217.491 -53.607 960.000 0.000 0.000 1.000
-213.857 -66.641 960.000 0.000 0.000 1.000
-209.444 -79.431 960.000 0.000 0.000 1.000
-204.266 -91.932 960.000 0.000 0.000 1.000
-198.342 -104.098 960.000 0.000 0.000 1.000
-191.695 -115.884 960.000 0.000 0.000 1.000
-184.348 -127.247 960.000 0.000 0.000 1.000
-176.329 -138.145 960.000 0.000 0.000 1.000
-167.666 -148.539 960.000 0.000 0.000 1.000
-158.392 -158.392 960.000 0.000 0.000 1.000
-148.539 -167.666 960.000 0.000 0.000 1.000
-138.145 -176.329 960.000 0.000 0.000 1.000
-127.247 -184.348 960.000 0.000 0.000 1.000
-115.884 -191.695 960.000 0.000 0.000 1.000
-104.098 -198.342 960.000 0.000 0.000 1.000
-91.932 -204.266 960.000 0.000 0.000 1.000
-79.431 -209.444 960.000 0.000 0.000 1.000
-66.641 -213.857 960.000 0.000 0.000 1.000
-53.607 -217.491 960.000 0.000 0.000 1.000
-40.377 -220.331 960.000 0.000 0.000 1.000
-27.000 -222.367 960.000 0.000 0.000 1.000
-13.525 -223.591 960.000 0.000 0.000 1.000
-0.000 -224.000 960.000 0.000 0.000 1.000
13.525 -223.591 960.000 0.000 0.000 1.000
27.000 -222.367 960.000 0.000 0.000 1.000
40.377 -220.331 960.000 0.000 0.000 1.000
53.607 -217.491 960.000 0.000 0.000 1.000
66.641 -213.857 960.000 0.000 0.000 1.000
79.431 -209.444 960.000 0.000 0.000 1.000
91.932 -204.266 960.000 0.000 0.000 1.000
104.098 -198.342 960.000 0.000 0.000 1.000
115.884 -191.695 960.000 0.000 0.000 1.000
127.247 -184.348 960.000 0.000 0.000 1.000
138.145 -176.329 960.000 0.000 0.000 1.000
148.539 -167.666 960.000 0.000 0.000 1.000
158.392 -158.392 960.000 0.000 0.000 1.000
167.666 -148.539 960.000 0.000 0.000 1.000
176.329 -138.145 960.000 0.000 0.000 1.000
184.348 -127.247 960.000 0.000 0.000 1.000
191.695 -115.884 960.000 0.000 0.000 1.000
198.342 -104.098 960.000 0.000 0.000 1.000
204.266 -91.932 960.000 0.000 0.000 1.000
209.444 -79.431 960.000 0.000 0.000 1.000
213.857 -66.641 960.000 0.000 0.000 1.000
217.491 -53.607 960.000 0.000 0.000 1.000
220.331 -40.377 960.000 0.000 0.000 1.000
222.367 -27.000 960.000 0.000 0.000 1.000
223.591 -13.525 960.000 0.000 0.000 1.000
224.000 0.000 1040.000 0.000 0.000 1.000
223.591 13.525 1040.000 0.000 0.000 1.000
222.367 27.000 1040.000 0.000 0.000 1.000
220.331 40.377 1040.000 0.000 0.000 1.000
217.491 53.607 1040.000 0.000 0.000 1.000
213.857 66.641 1040.000 0.000 0.000 1.000
209.444 79.431 1040.000 0.000 0.000 1.000
204.266 91.932 1040.000 0.000 0.000 1.000
198.342 104.098 1040.000 0.000 0.000 1.000
191.695 115.884 1040.000 0.000 0.000 1.000
184.348 127.247 1040.000 0.000 0.000 1.000
176.329 138.145 1040.000 0.000 0.000 1.000
167.666 148.539 1040.000 0.000 0.000 1.000
158.392 158.392 1040.000 0.000 0.000 1.000
148.539 167.666 1040.000 0.000 0.000 1.000
138.145 176.329 1040.000 0.000 0.000 1.000
127.247 184.348 1040.000 0.000 0.000 1.000
115.884 191.695 1040.000 0.000 0.000 1.000
104.098 198.342 1040.000 0.000 0.000 1.000
91.932 204.266 1040.000 0.000 0.000 1.000
79.431 209.444 1040.000 0.000 0.000 1.000
66.641 213.857 1040.000 0.000 0.000 1.000
53.607 217.491 1040.000 0.000 0.000 1.000
40.377 220.331 1040.000 0.000 0.000 1.000
27.000 222.367 1040.000 0.000 0.000 1.000
13.525 223.591 1040.000 0.000 0.000 1.000
0.000 224.000 1040.000 0.000 0.000 1.000
-13.525 223.591 1040.000 0.000 0.000 1.000
-27.000 222.367 1040.000 0.000 0.000 1.000
-40.377 220.331 1040.000 0.000 0.000 1.000
-53.607 217.491 1040.000 0.000 0.000 1.000
-66.641 213.857 1040.000 0.000 0.000 1.000
-79.431 209.444 1040.000 0.000 0.000 1.000
-91.932 204.266 1040.000 0.000 0.000 1.000
-104.098 198.342 1040.000 0.000 0.000 1.000
-115.884 191.695 1040.000 0.000 0.000 1.000
-127.247 184.348 1040.000 0.000 0.000 1.000
-138.145 176.329 1040.000 0.000 0.000 1.000
-148.539 167.666 1040.000 0.000 0.000 1.000
-158.392 158.392 1040.000 0.000 0.000 1.000
-167.666 148.539 1040.000 0.000 0.000 1.000
-176.329 138.145 1040.000 0.000 0.000 1.000
-184.348 127.247 1040.000 0.000 0.000 1.000
-191.695 115.884 1040.000 0.000 0.000 1.000
-198.342 104.098 1040.000 0.000 0.000 1.000
-204.266 91.932 1040.000 0.000 0.000 1.000
-209.444 79.431 1040.000 0.000 0.000 1.000
-213.857 66.641 1040.000 0.000 0.000 1.000
-217.491 53.607 1040.000 0.000 0.000 1.000
-220.331 40.377 1040.000 0.000 0.000 1.000
-222.367 27.000 1040.000 0.000 0.000 1.000
-223.591 13.525 1040.000 0.000 0.000 1.000
-224.000 0.000 1040.000 0.000 0.000 1.000
-223.591 -13.525 1040.000 0.000 0.000 1.000
-222.367 -27.000 1040.000 0.000 0.000 1.000
-220.331 -40.377 1040.000 0.000 0.000 1.000
-217.491 -53.607 1040.000 0.000 0.000 1.000
-213.857 -66.641 1040.000 0.000 0.000 1.000
-209.444 -79.431 1040.000 0.000 0.000 1.000
-204.266 -91.932 1040.000 0.000 0.000 1.000
-198.342 -104.098 1040.000 0.000 0.000 1.000
-191.695 -115.884 1040.000 0.000 0.000 1.000
-184.348 -127.247 1040.000 0.000 0.000 1.000
-176.329 -138.145 1040.000 0.000 0.000 1.000
-167.666 -148.539 1040.000 0.000 0.000 1.000
-158.392 -158.392 1040.000 0.000 0.000 1.000
-148.539 -167.666 1040.000 0.000 0.000 1.000
-138.145 -176.329 1040.000 0.000 0.000 1.000
-127.247 -184.348 1040.000 0.000 0.000 1.000
-115.884 -191.695 1040.000 0.000 0.000 1.000
-104.098 -198.342 1040.000 0.000 0.000 1.000
-91.932 -204.266 1040.000 0.000 0.000 1.000
-79.431 -209.444 1040.000 0.000 0.000 1.000
-66.641 -213.857 1040.000 0.000 0.000 1.000
-53.607 -217.491 1040.000 0.000 0.000 1.000
-40.377 -220.331 1040.000 0.000 0.000 1.000
-27.000 -222.367 1040.000 0.000 0.000 1.000
-13.525 -223.591 1040.000 0.000 0.000 1.000
-0.000 -224.000 1040.000 0.000 0.000 1.000
13.525 -223.591 1040.000 0.000 0.000 1.000
27.000 -222.367 1040.000 0.000 0.000 1.000
40.377 -220.331 1040.000 0.000 0.000 1.000
53.607 -217.491 1040.000 0.000 0.000 1.000
66.641 -213.857 1040.000 0.000 0.000 1.000
79.431 -209.444 1040.000 0.000 0.000 1.000
91.932 -204.266 1040.000 0.000 0.000 1.000
104.098 -198.342 1040.000 0.000 0.000 1.000
115.884 -191.695 1040.000 0.000 0.000 1.000
127.247 -184.348 1040.000 0.000 0.000 1.000
138.145 -176.329 1040.000 0.000 0.000 1.000
148.539 -167.666 1040.000 0.000 0.000 1.000
158.392 -158.392 1040.000 0.000 0.000 1.000
167.666 -148.539 1040.000 0.000 0.000 1.000
176.329 -138.145 1040.000 0.000 0.000 1.000
184.348 -127.247 1040.000 0.000 0.000 1.000
191.695 -115.884 1040.000 0.000 0.000 1.000
198.342 -104.098 1040.000 0.000 0.000 1.000
204.266 -91.932 1040.000 0.000 0.000 1.000
209.444 -79.431 1040.000 0.000 0.000 1.000
213.857 -66.641 1040.000 0.000 0.000 1.000
217.491 -53.607 1040.000 0.000 0.000 1.000
220.331 -40.377 1040.000 0.000 0.000 1.000
222.367 -27.000 1040.000 0.000 0.000 1.000
223.591 -13.525 1040.000 0.000 0.000 1.000
224.000 0.000 1120.000 0.000 0.000 1.000
223.591 13.525 1120.000 0.000 0.000 1.000
222.367 27.000 1120.000 0.000 0.000 1.000
220.331 40.377 1120.000 0.000 0.000 1.000
217.491 53.607 1120.000 0.000 0.000 1.000
213.857 66.641 1120.000 0.000 0.000 1.000
209.444 79.431 1120.000 0.000 0.000 1.000
204.266 91.932 1120.000 0.000 0.000 1.000
198.342 104.098 1120.000 0.000 0.000 1.000
191.695 115.884 1120.000 0.000 0.000 1.000
184.348 127.247 1120.000 0.000 0.000 1.000
176.329 138.145 1120.000 0.000 0.000 1.000
167.666 148.539 1120.000 0.000 0.000 1.000
158.392 158.392 1120.000 0.000 0.000 1.000
148.539 167.666 1120.000 0.000 0.000 1.000
138.145 176.329 1120.000 0.000 0.000 1.000
127.247 184.348 1120.000 0.000 0.000 1.000
115.884 191.695 1120.000 0.000 0.000 1.000
104.098 198.342 1120.000 0.000 0.000 1.000
91.932 204.266 1120.000 0.000 0.000 1.000
79.431 209.444 1120.000 0.000 0.000 1.000
66.641 213.857 1120.000 0.000 0.000 1.000
53.607 217.491 1120.000 0.000 0.000 1.000
40.377 220.331 1120.000 0.000 0.000 1.000
27.000 222.367 1120.000 0.000 0.000 1.000
13.525 223.591 1120.000 0.000 0.000 1.000
0.000 224.000 1120.000 0.000 0.000 1.000
-13.525 223.591 1120.000 0.000 0.000 1.000
-27.000 222.367 1120.000 0.000 0.000 1.000
-40.377 220.331 1120.000 0.000 0.000 1.000
-53.607 217.491 1120.000 0.000 0.000 1.000
-66.641 213.857 1120.000 0.000 0.000 1.000
-79.431 209.444 1120.000 0.000 0.000 1.000
-91.932 204.266 1120.000 0.000 0.000 1.000
-104.098 198.342 1120.000 0.000 0.000 1.000
-115.884 191.695 1120.000 0.000 0.000 1.000
-127.247 184.348 1120.000 0.000 0.000 1.000
-138.145 176.329 1120.000 0.000 0.000 1.000
-148.539 167.666 1120.000 0.000 0.000 1.000
-158.392 158.392 1120.000 0.000 0.000 1.000
-167.666 148.539 1120.000 0.000 0.000 1.000
-176.329 138.145 1120.000 0.000 0.000 1.000
-184.348 127.247 1120.000 0.000 0.000 1.000
-191.695 115.884 1120.000 0.000 0.000 1.000
-198.342 104.098 1120.000 0.000 0.000 1.000
-204.266 91.932 1120.000 0.000 0.000 1.000
-209.444 79.431 1120.000 0.000 0.000 1.000
-213.857 66.641 1120.000 0.000 0.000 1.000
-217.491 53.607 1120.000 0.000 0.000 1.000
-220.331 40.377 1120.000 0.000 0.000 1.000
-222.367 27.000 1120.000 0.000 0.000 1.000
-223.591 13.525 1120.000 0.000 0.000 1.000
-224.000 0.000 1120.000 0.000 0.000 1.000
-223.591 -13.525 1120.000 0.000 0.000 1.000
-222.367 -27.000 1120.000 0.000 0.000 1.000
-220.331 -40.377 1120.000 0.000 0.000 1.000
-217.491 -53.607 1120.000 0.000 0.000 1.000
-213.857 -66.641 1120.000 0.000 0.000 1.000
-209.444 -79.431 1120.000 0.000 0.000 1.000
-204.266 -91.932 1120.000 0.000 0.000 1.000
-198.342 -104.098 1120.000 0.000 0.000 1.000
-191.695 -115.884 1120.000 0.000 0.000 1.000
-184.348 -127.247 1120.000 0.000 0.000 1.000
-176.329 -138.145 1120.000 0.000 0.000 1.000
-167.666 -148.539 1120.000 0.000 0.000 1.000
-158.392 -158.392 1120.000 0.000 0.000 1.000
-148.539 -167.666 1120.000 0.000 0.000 1.000
-138.145 -176.329 1120.000 0.000 0.000 1.000
-127.247 -184.348 1120.000 0.000 0.000 1.000
-115.884 -191.695 1120.000 0.000 0.000 1.000
-104.098 -198.342 1120.000 0.000 0.000 1.000
-91.932 -204.266 1120.000 0.000 0.000 1.000
-79.431 -209.444 1120.000 0.000 0.000 1.000
-66.641 -213.857 1120.000 0.000 0.000 1.000
-53.607 -217.491 1120.000 0.000 0.000 1.000
-40.377 -220.331 1120.000 0.000 0.000 1.000
-27.000 -222.367 1120.000 0.000 0.000 1.000
-13.525 -223.591 1120.000 0.000 0.000 1.000
-0.000 -224.000 1120.000 0.000 0.000 1.000
13.525 -223.591 1120.000 0.000 0.000 1.000
27.000 -222.367 1120.000 0.000 0.000 1.000
40.377 -220.331 1120.000 0.000 0.000 1.000
53.607 -217.491 1120.000 0.000 0.000 1.000
66.641 -213.857 1120.000 0.000 0.000 1.000
79.431 -209.444 1120.000 0.000 0.000 1.000
91.932 -204.266 1120.000 0.000 0.000 1.000
104.098 -198.342 1120.000 0.000 0.000 1.000
115.884 -191.695 1120.000 0.000 0.000 1.000
127.247 -184.348 1120.000 0.000 0.000 1.000
138.145 -176.329 1120.000 0.000 0.000 1.000
148.539 -167.666 1120.000 0.000 0.000 1.000
158.392 -158.392 1120.000 0.000 0.000 1.000
167.666 -148.539 1120.000 0.000 0.000 1.000
176.329 -138.145 1120.000 0.000 0.000 1.000
184.348 -127.247 1120.000 0.000 0.000 1.000
191.695 -115.884 1120.000 0.000 0.000 1.000
198.342 -104.098 1120.000 0.000 0.000 1.000
204.266 -91.932 1120.000 0.000 0.000 1.000
209.444 -79.431 1120.000 0.000 0.000 1.000
213.857 -66.641 1120.000 0.000 0.000 1.000
217.491 -53.607 1120.000 0.000 0.000 1.000
220.331 -40.377 1120.000 0.000 0.000 1.000
222.367 -27.000 1120.000 0.000 0.000 1.000
223.591 -13.525 1120.000 0.000 0.000 1.000
224.000 0.000 1200.000 0.000 0.000 1.000
223.591 13.525 1200.000 0.000 0.000 1.000
222.367 27.000 1200.000 0.000 0.000 1.000
220.331 40.377 1200.000 0.000 0.000 1.000
217.491 53.607 1200.000 0.000 0.000 1.000
213.857 66.641 1200.000 0.000 0.000 1.000
209.444 79.431 1200.000 0.000 0.000 1.000
204.266 91.932 1200.000 0.000 0.000 1.000
198.342 104.098 1200.000 0.000 0.000 1.000
191.695 115.884 1200.000 0.000 0.000 1.000
184.348 127.247 1200.000 0.000 0.000 1.000
176.329 138.145 1200.000 0.000 0.000 1.000
167.666 148.539 1200.000 0.000 0.000 1.000
158.392 158.392 1200.000 0.000 0.000 1.000
148.539 167.666 1200.000 0.000 0.000 1.000
138.145 176.329 1200.000 0.000 0.000 1.000
127.247 184.348 1200.000 0.000 0.000 1.000
115.884 191.695 1200.000 0.000 0.000 1.000
104.098 198.342 1200.000 0.000 0.000 1.000
91.932 204.266 1200.000 0.000 0.000 1.000
79.431 209.444 1200.000 0.000 0.000 1.000
66.641 213.857 1200.000 0.000 0.000 1.000
53.607 217.491 1200.000 0.000 0.000 1.000
40.377 220.331 1200.000 0.000 0.000 1.000
27.000 222.367 1200.000 0.000 0.000 1.000
13.525 223.591 1200.000 0.000 0.000 1.000
0.000 224.000 1200.000 0.000 0.000 1.000
-13.525 223.591 1200.000 0.000 0.000 1.000
-27.000 222.367 1200.000 0.000 0.000 1.000
-40.377 220.331 1200.000 0.000 0.000 1.000
-53.607 217.491 1200.000 0.000 0.000 1.000
-66.641 213.857 1200.000 0.000 0.000 1.000
-79.431 209.444 1200.000 0.000 0.000 1.000
-91.932 204.266 1200.000 0.000 0.000 1.000
-104.098 198.342 1200.000 0.000 0.000 1.000
-115.884 191.695 1200.000 0.000 0.000 1.000
-127.247 184.348 1200.000 0.000 0.000 1.000
-138.145 176.329 1200.000 0.000 0.000 1.000
-148.539 167.666 1200.000 0.000 0.000 1.000
-158.392 158.392 1200.000 0.000 0.000 1.000
-167.666 148.539 1200.000 0.000 0.000 1.000
-176.329 138.145 1200.000 0.000 0.000 1.000
-184.348 127.247 1200.000 0.000 0.000 1.000
-191.695 115.884 1200.000 0.000 0.000 1.000
-198.342 104.098 1200.000 0.000 0.000 1.000
-204.266 91.932 1200.000 0.000 0.000 1.000
-209.444 79.431 1200.000 0.000 0.000 1.000
-213.857 66.641 1200.000 0.000 0.000 1.000
-217.491 53.607 1200.000 0.000 0.000 1.000
-220.331 40.377 1200.000 0.000 0.000 1.000
-222.367 27.000 1200.000 0.000 0.000 1.000
-223.591 13.525 1200.000 0.000 0.000 1.000
-224.000 0.000 1200.000 0.000 0.000 1.000
-223.591 -13.525 1200.000 0.000 0.000 1.000
-222.367 -27.000 1200.000 0.000 0.000 1.000
-220.331 -40.377 1200.000 0.000 0.000 1.000
-217.491 -53.607 1200.000 0.000 0.000 1.000
-213.857 -66.641 1200.000 0.000 0.000 1.000
-209.444 -79.431 1200.000 0.000 0.000 1.000
-204.266 -91.932 1200.000 0.000 0.000 1.000
-198.342 -104.098 1200.000 0.000 0.000 1.000
-191.695 -115.884 1200.000 0.000 0.000 1.000
-184.348 -127.247 1200.000 0.000 0.000 1.000
-176.329 -138.145 1200.000 0.000 0.000 1.000
-167.666 -148.539 1200.000 0.000 0.000 1.000
-158.392 -158.392 1200.000 0.000 0.000 1.000
-148.539 -167.666 1200.000 0.000 0.000 1.000
-138.145 -176.329 1200.000 0.000 0.000 1.000
-127.247 -184.348 1200.000 0.000 0.000 1.000
-115.884 -191.695 1200.000 0.000 0.000 1.000
-104.098 -198.342 1200.000 0.000 0.000 1.000
-91.932 -204.266 1200.000 0.000 0.000 1.000
-79.431 -209.444 1200.000 0.000 0.000 1.000
-66.641 -213.857 1200.000 0.000 0.000 1.000
-53.607 -217.491 1200.000 0.000 0.000 1.000
-40.377 -220.331 1200.000 0.000 0.000 1.000
-27.000 -222.367 1200.000 0.000 0.000 1.000
-13.525 -223.591 1200.000 0.000 0.000 1.000
-0.000 -224.000 1200.000 0.000 0.000 1.000
13.525 -223.591 1200.000 0.000 0.000 1.000
27.000 -222.367 1200.000 0.000 0.000 1.000
40.377 -220.331 1200.000 0.000 0.000 1.000
53.607 -217.491 1200.000 0.000 0.000 1.000
66.641 -213.857 1200.000 0.000 0.000 1.000
79.431 -209.444 1200.000 0.000 0.000 1.000
91.932 -204.266 1200.000 0.000 0.000 1.000
104.098 -198.342 1200.000 0.000 0.000 1.000
115.884 -191.695 1200.000 0.000 0.000 1.000
127.247 -184.348 1200.000 0.000 0.000 1.000
138.145 -176.329 1200.000 0.000 0.000 1.000
148.539 -167.666 1200.000 0.000 0.000 1.000
158.392 -158.392 1200.000 0.000 0.000 1.000
167.666 -148.539 1200.000 0.000 0.000 1.000
176.329 -138.145 1200.000 0.000 0.000 1.000
184.348 -127.247 1200.000 0.000 0.000 1.000
191.695 -115.884 1200.000 0.000 0.000 1.000
198.342 -104.098 1200.000 0.000 0.000 1.000
204.266 -91.932 1200.000 0.000 0.000 1.000
209.444 -79.431 1200.000 0.000 0.000 1.000
213.857 -66.641 1200.000 0.000 0.000 1.000
217.491 -53.607 1200.000 0.000 0.000 1.000
220.331 -40.377 1200.000 0.000 0.000 1.000
222.367 -27.000 1200.000 0.000 0.000 1.000
223.591 -13.525 1200.000 0.000 0.000 1.000
224.000 0.000 1280.000 0.000 0.000 1.000
223.591 13.525 1280.000 0.000 0.000 1.000
222.367 27.000 1280.000 0.000 0.000 1.000
220.331 40.377 1280.000 0.000 0.000 1.000
217.491 53.607 1280.000 0.000 0.000 1.000
213.857 66.641 1280.000 0.000 0.000 1.000
209.444 79.431 1280.000 0.000 0.000 1.000
204.266 91.932 1280.000 0.000 0.000 1.000
198.342 104.098 1280.000 0.000 0.000 1.000
191.695 115.884 1280.000 0.000 0.000 1.000
184.348 127.247 1280.000 0.000 0.000 1.000
176.329 138.145 1280.000 0.000 0.000 1.000
167.666 148.539 1280.000 0.000 0.000 1.000
158.392 158.392 1280.000 0.000 0.000 1.000
148.539 167.666 1280.000 0.000 0.000 1.000
138.145 176.329 1280.000 0.000 0.000 1.000
127.247 184.348 1280.000 0.000 0.000 1.000
115.884 191.695 1280.000 0.000 0.000 1.000
104.098 198.342 1280.000 0.000 0.000 1.000
91.932 204.266 1280.000 0.000 0.000 1.000
79.431 209.444 1280.000 0.000 0.000 1.000
66.641 213.857 1280.000 0.000 0.000 1.000
53.607 217.491 1280.000 0.000 0.000 1.000
40.377 220.331 1280.000 0.000 0.000 1.000
27.000 222.367 1280.000 0.000 0.000 1.000
13.525 223.591 1280.000 0.000 0.000 1.000
0.000 224.000 1280.000 0.000 0.000 1.000
-13.525 223.591 1280.000 0.000 0.000 1.000
-27.000 222.367 1280.000 0.000 0.000 1.000
-40.377 220.331 1280.000 0.000 0.000 1.000
-53.607 217.491 1280.000 0.000 0.000 1.000
-66.641 213.857 1280.000 0.000 0.000 1.000
-79.431 209.444 1280.000 0.000 0.000 1.000
-91.932 204.266 1280.000 0.000 0.000 1.000
-104.098 198.342 1280.000 0.000 0.000 1.000
-115.884 191.695 1280.000 0.000 0.000 1.000
-127.247 184.348 1280.000 0.000 0.000 1.000
-138.145 176.329 1280.000 0.000 0.000 1.000
-148.539 167.666 1280.000 0.000 0.000 1.000
-158.392 158.392 1280.000 0.000 0.000 1.000
-167.666 148.539 1280.000 0.000 0.000 1.000
-176.329 138.145 1280.000 0.000 0.000 1.000
-184.348 127.247 1280.000 0.000 0.000 1.000
-191.695 115.884 1280.000 0.000 0.000 1.000
-198.342 104.098 1280.000 0.000 0.000 1.000
-204.266 91.932 1280.000 0.000 0.000 1.000
-209.444 79.431 1280.000 0.000 0.000 1.000
-213.857 66.641 1280.000 0.000 0.000 1.000
-217.491 53.607 1280.000 0.000 0.000 1.000
-220.331 40.377 1280.000 0.000 0.000 1.000
-222.367 27.000 1280.000 0.000 0.000 1.000
-223.591 13.525 1280.000 0.000 0.000 1.000
-224.000 0.000 1280.000 0.000 0.000 1.000
-223.591 -13.525 1280.000 0.000 0.000 1.000
-222.367 -27.000 1280.000 0.000 0.000 1.000
-220.331 -40.377 1280.000 0.000 0.000 1.000
-217.491 -53.607 1280.000 0.000 0.000 1.000
-213.857 -66.641 1280.000 0.000 0.000 1.000
-209.444 -79.431 1280.000 0.000 0.000 1.000
-204.266 -91.932 1280.000 0.000 0.000 1.000
-198.342 -104.098 1280.000 0.000 0.000 1.000
-191.695 -115.884 1280.000 0.000 0.000 1.000
-184.348 -127.247 1280.000 0.000 0.000 1.000
-176.329 -138.145 1280.000 0.000 0.000 1.000
-167.666 -148.539 1280.000 0.000 0.000 1.000
-158.392 -158.392 1280.000 0.000 0.000 1.000
-148.539 -167.666 1280.000 0.000 0.000 1.000
-138.145 -176.329 1280.000 0.000 0.000 1.000
-127.247 -184.348 1280.000 0.000 0.000 1.000
-115.884 -191.695 1280.000 0.000 0.000 1.000
-104.098 -198.342 1280.000 0.000 0.000 1.000
-91.932 -204.266 1280.000 0.000 0.000 1.000
-79.431 -209.444 1280.000 0.000 0.000 1.000
-66.641 -213.857 1280.000 0.000 0.000 1.000
-53.607 -217.491 1280.000 0.000 0.000 1.000
-40.377 -220.331 1280.000 0.000 0.000 1.000
-27.000 -222.367 1280.000 0.000 0.000 1.000
-13.525 -223.591 1280.000 0.000 0.000 1.000
-0.000 -224.000 1280.000 0.000 0.000 1.000
13.525 -223.591 1280.000 0.000 0.000 1.000
27.000 -222.367 1280.000 0.000 0.000 1.000
40.377 -220.331 1280.000 0.000 0.000 1.000
53.607 -217.491 1280.000 0.000 0.000 1.000
66.641 -213.857 1280.000 0.000 0.000 1.000
79.431 -209.444 1280.000 0.000 0.000 1.000
91.932 -204.266 1280.000 0.000 0.000 1.000
104.098 -198.342 1280.000 0.000 0.000 1.000
115.884 -191.695 1280.000 0.000 0.000 1.000
127.247 -184.348 1280.000 0.000 0.000 1.000
138.145 -176.329 1280.000 0.000 0.000 1.000
148.539 -167.666 1280.000 0.000 0.000 1.000
158.392 -158.392 1280.000 0.000 0.000 1.000
167.666 -148.539 1280.000 0.000 0.000 1.000
176.329 -138.145 1280.000 0.000 0.000 1.000
184.348 -127.247 1280.000 0.000 0.000 1.000
191.695 -115.884 1280.000 0.000 0.000 1.000
198.342 -104.098 1280.000 0.000 0.000 1.000
204.266 -91.932 1280.000 0.000 0.000 1.000
209.444 -79.431 1280.000 0.000 0.000 1.000
213.857 -66.641 1280.000 0.000 0.000 1.000
217.491 -53.607 1280.000 0.000 0.000 1.000
220.331 -40.377 1280.000 0.000 0.000 1.000
222.367 -27.000 1280.000 0.000 0.000 1.000
223.591 -13.525 1280.000 0.000 0.000 1.000
224.000 0.000 1360.000 0.000 0.000 1.000
223.591 13.525 1360.000 0.000 0.000 1.000
222.367 27.000 1360.000 0.000 0.000 1.000
220.331 40.377 1360.000 0.000 0.000 1.000
217.491 53.607 1360.000 0.000 0.000 1.000
213.857 66.641 1360.000 0.000 0.000 1.000
209.444 79.431 1360.000 0.000 0.000 1.000
204.266 91.932 1360.000 0.000 0.000 1.000
198.342 104.098 1360.000 0.000 0.000 1.000
191.695 115.884 1360.000 0.000 0.000 1.000
184.348 127.247 1360.000 0.000 0.000 1.000
176.329 138.145 1360.000 0.000 0.000 1.000
167.666 148.539 1360.000 0.000 0.000 1.000
158.392 158.392 1360.000 0.000 0.000 1.000
148.539 167.666 1360.000 0.000 0.000 1.000
138.145 176.329 1360.000 0.000 0.000 1.000
127.247 184.348 1360.000 0.000 0.000 1.000
115.884 191.695 1360.000 0.000 0.000 1.000
104.098 198.342 1360.000 0.000 0.000 1.000
91.932 204.266 1360.000 0.000 0.000 1.000
79.431 209.444 1360.000 0.000 0.000 1.000
66.641 213.857 1360.000 0.000 0.000 1.000
53.607 217.491 1360.000 0.000 0.000 1.000
40.377 220.331 1360.000 0.000 0.000 1.000
27.000 222.367 1360.000 0.000 0.000 1.000
13.525 223.591 1360.000 0.000 0.000 1.000
0.000 224.000 1360.000 0.000 0.000 1.000
-13.525 223.591 1360.000 0.000 0.000 1.000
-27.000 222.367 1360.000 0.000 0.000 1.000
-40.377 220.331 1360.000 0.000 0.000 1.000
-53.607 217.491 1360.000 0.000 0.000 1.000
-66.641 213.857 1360.000 0.000 0.000 1.000
-79.431 209.444 1360.000 0.000 0.000 1.000
-91.932 204.266 1360.000 0.000 0.000 1.000
-104.098 198.342 1360.000 0.000 0.000 1.000
-115.884 191.695 1360.000 0.000 0.000 1.000
-127.247 184.348 1360.000 0.000 0.000 1.000
-138.145 176.329 1360.000 0.000 0.000 1.000
-148.539 167.666 1360.000 0.000 0.000 1.000
-158.392 158.392 1360.000 0.000 0.000 1.000
-167.666 148.539 1360.000 0.000 0.000 1.000
-176.329 138.145 1360.000 0.000 0.000 1.000
-184.348 127.247 1360.000 0.000 0.000 1.000
-191.695 115.884 1360.000 0.000 0.000 1.000
-198.342 104.098 1360.000 0.000 0.000 1.000
-204.266 91.932 1360.000 0.000 0.000 1.000
-209.444 79.431 1360.000 0.000 0.000 1.000
-213.857 66.641 1360.000 0.000 0.000 1.000
-217.491 53.607 1360.000 0.000 0.000 1.000
-220.331 40.377 1360.000 0.000 0.000 1.000
-222.367 27.000 1360.000 0.000 0.000 1.000
-223.591 13.525 1360.000 0.000 0.000 1.000
-224.000 0.000 1360.000 0.000 0.000 1.000
-223.591 -13.525 1360.000 0.000 0.000 1.000
-222.367 -27.000 1360.000 0.000 0.000 1.000
-220.331 -40.377 1360.000 0.000 0.000 1.000
-217.491 -53.607 1360.000 0.000 0.000 1.000
-213.857 -66.641 1360.000 0.000 0.000 1.000
-209.444 -79.431 1360.000 0.000 0.000 1.000
-204.266 -91.932 1360.000 0.000 0.000 1.000
-198.342 -104.098 1360.000 0.000 0.000 1.000
-191.695 -115.884 1360.000 0.000 0.000 1.000
-184.348 -127.247 1360.000 0.000 0.000 1.000
-176.329 -138.145 1360.000 0.000 0.000 1.000
-167.666 -148.539 1360.000 0.000 0.000 1.000
-158.392 -158.392 1360.000 0.000 0.000 1.000
-148.539 -167.666 1360.000 0.000 0.000 1.000
-138.145 -176.329 1360.000 0.000 0.000 1.000
-127.247 -184.348 1360.000 0.000 0.000 1.000
-115.884 -191.695 1360.000 0.000 0.000 1.000
-104.098 -198.342 1360.000 0.000 0.000 1.000
-91.932 -204.266 1360.000 0.000 0.000 1.000
-79.431 -209.444 1360.000 0.000 0.000 1.000
-66.641 -213.857 1360.000 0.000 0.000 1.000
-53.607 -217.491 1360.000 0.000 0.000 1.000
-40.377 -220.331 1360.000 0.000 0.000 1.000
-27.000 -222.367 1360.000 0.000 0.000 1.000
-13.525 -223.591 1360.000 0.000 0.000 1.000
-0.000 -224.000 1360.000 0.000 0.000 1.000
13.525 -223.591 1360.000 0.000 0.000 1.000
27.000 -222.367 1360.000 0.000 0.000 1.000
40.377 -220.331 1360.000 0.000 0.000 1.000
53.607 -217.491 1360.000 0.000 0.000 1.000
66.641 -213.857 1360.000 0.000 0.000 1.000
79.431 -209.444 1360.000 0.000 0.000 1.000
91.932 -204.266 1360.000 0.000 0.000 1.000
104.098 -198.342 1360.000 0.000 0.000 1.000
115.884 -191.695 1360.000 0.000 0.000 1.000
127.247 -184.348 1360.000 0.000 0.000 1.000
138.145 -176.329 1360.000 0.000 0.000 1.000
148.539 -167.666 1360.000 0.000 0.000 1.000
158.392 -158.392 1360.000 0.000 0.000 1.000
167.666 -148.539 1360.000 0.000 0.000 1.000
176.329 -138.145 1360.000 0.000 0.000 1.000
184.348 -127.247 1360.000 0.000 0.000 1.000
191.695 -115.884 1360.000 0.000 0.000 1.000
198.342 -104.098 1360.000 0.000 0.000 1.000
204.266 -91.932 1360.000 0.000 0.000 1.000
209.444 -79.431 1360.000 0.000 0.000 1.000
213.857 -66.641 1360.000 0.000 0.000 1.000
217.491 -53.607 1360.000 0.000 0.000 1.000
220.331 -40.377 1360.000 0.000 0.000 1.000
222.367 -27.000 1360.000 0.000 0.000 1.000
223.591 -13.525 1360.000 0.000 0.000 1.000
224.000 0.000 1440.000 0.000 0.000 1.000
223.591 13.525 1440.000 0.000 0.000 1.000
222.367 27.000 1440.000 0.000 0.000 1.000
220.331 40.377 1440.000 0.000 0.000 1.000
217.491 53.607 1440.000 0.000 0.000 1.000
213.857 66.641 1440.000 0.000 0.000 1.000
209.444 79.431 1440.000 0.000 0.000 1.000
204.266 91.932 1440.000 0.000 0.000 1.000
198.342 104.098 1440.000 0.000 0.000 1.000
191.695 115.884 1440.000 0.000 0.000 1.000
184.348 127.247 1440.000 0.000 0.000 1.000
176.329 138.145 1440.000 0.000 0.000 1.000
167.666 148.539 1440.000 0.000 0.000 1.000
158.392 158.392 1440.000 0.000 0.000 1.000
148.539 167.666 1440.000 0.000 0.000 1.000
138.145 176.329 1440.000 0.000 0.000 1.000
127.247 184.348 1440.000 0.000 0.000 1.000
115.884 191.695 1440.000 0.000 0.000 1.000
104.098 198.342 1440.000 0.000 0.000 1.000
91.932 204.266 1440.000 0.000 0.000 1.000
79.431 209.444 1440.000 0.000 0.000 1.000
66.641 213.857 1440.000 0.000 0.000 1.000
53.607 217.491 1440.000 0.000 0.000 1.000
40.377 220.331 1440.000 0.000 0.000 1.000
27.000 222.367 1440.000 0.000 0.000 1.000
13.525 223.591 1440.000 0.000 0.000 1.000
0.000 224.000 1440.000 0.000 0.000 1.000
-13.525 223.591 1440.000 0.000 0.000 1.000
-27.000 222.367 1440.000 0.000 0.000 1.000
-40.377 220.331 1440.000 0.000 0.000 1.000
-53.607 217.491 1440.000 0.000 0.000 1.000
-66.641 213.857 1440.000 0.000 0.000 1.000
-79.431 209.444 1440.000 0.000 0.000 1.000
-91.932 204.266 1440.000 0.000 0.000 1.000
-104.098 198.342 1440.000 0.000 0.000 1.000
-115.884 191.695 1440.000 0.000 0.000 1.000
-127.247 184.348 1440.000 0.000 0.000 1.000
-138.145 176.329 1440.000 0.000 0.000 1.000
-148.539 167.666 1440.000 0.000 0.000 1.000
-158.392 158.392 1440.000 0.000 0.000 1.000
-167.666 148.539 1440.000 0.000 0.000 1.000
-176.329 138.145 1440.000 0.000 0.000 1.000
-184.348 127.247 1440.000 0.000 0.000 1.000
-191.695 115.884 1440.000 0.000 0.000 1.000
-198.342 104.098 1440.000 0.000 0.000 1.000
-204.266 91.932 1440.000 0.000 0.000 1.000
-209.444 79.431 1440.000 0.000 0.000 1.000
-213.857 66.641 1440.000 0.000 0.000 1.000
-217.491 53.607 1440.000 0.000 0.000 1.000
-220.331 40.377 1440.000 0.000 0.000 1.000
-222.367 27.000 1440.000 0.000 0.000 1.000
-223.591 13.525 1440.000 0.000 0.000 1.000
-224.000 0.000 1440.000 0.000 0.000 1.000
-223.591 -13.525 1440.000 0.000 0.000 1.000
-222.367 -27.000 1440.000 0.000 0.000 1.000
-220.331 -40.377 1440.000 0.000 0.000 1.000
-217.491 -53.607 1440.000 0.000 0.000 1.000
-213.857 -66.641 1440.000 0.000 0.000 1.000
-209.444 -79.431 1440.000 0.000 0.000 1.000
-204.266 -91.932 1440.000 0.000 0.000 1.000
-198.342 -104.098 1440.000 0.000 0.000 1.000
-191.695 -115.884 1440.000 0.000 0.000 1.000
-184.348 -127.247 1440.000 0.000 0.000 1.000
-176.329 -138.145 1440.000 0.000 0.000 1.000
-167.666 -148.539 1440.000 0.000 0.000 1.000
-158.392 -158.392 1440.000 0.000 0.000 1.000
-148.539 -167.666 1440.000 0.000 0.000 1.000
-138.145 -176.329 1440.000 0.000 0.000 1.000
-127.247 -184.348 1440.000 0.000 0.000 1.000
-115.884 -191.695 1440.000 0.000 0.000 1.000
-104.098 -198.342 1440.000 0.000 0.000 1.000
-91.932 -204.266 1440.000 0.000 0.000 1.000
-79.431 -209.444 1440.000 0.000 0.000 1.000
-66.641 -213.857 1440.000 0.000 0.000 1.000
-53.607 -217.491 1440.000 0.000 0.000 1.000
-40.377 -220.331 1440.000 0.000 0.000 1.000
-27.000 -222.367 1440.000 0.000 0.000 1.000
-13.525 -223.591 1440.000 0.000 0.000 1.000
-0.000 -224.000 1440.000 0.000 0.000 1.000
13.525 -223.591 1440.000 0.000 0.000 1.000
27.000 -222.367 1440.000 0.000 0.000 1.000
40.377 -220.331 1440.000 0.000 0.000 1.000
53.607 -217.491 1440.000 0.000 0.000 1.000
66.641 -213.857 1440.000 0.000 0.000 1.000
79.431 -209.444 1440.000 0.000 0.000 1.000
91.932 -204.266 1440.000 0.000 0.000 1.000
104.098 -198.342 1440.000 0.000 0.000 1.000
115.884 -191.695 1440.000 0.000 0.000 1.000
127.247 -184.348 1440.000 0.000 0.000 1.000
138.145 -176.329 1440.000 0.000 0.000 1.000
148.539 -167.666 1440.000 0.000 0.000 1.000
158.392 -158.392 1440.000 0.000 0.000 1.000
167.666 -148.539 1440.000 0.000 0.000 1.000
176.329 -138.145 1440.000 0.000 0.000 1.000
184.348 -127.247 1440.000 0.000 0.000 1.000
191.695 -115.884 1440.000 0.000 0.000 1.000
198.342 -104.098 1440.000 0.000 0.000 1.000
204.266 -91.932 1440.000 0.000 0.000 1.000
209.444 -79.431 1440.000 0.000 0.000 1.000
213.857 -66.641 1440.000 0.000 0.000 1.000
217.491 -53.607 1440.000 0.000 0.000 1.000
220.331 -40.377 1440.000 0.000 0.000 1.000
222.367 -27.000 1440.000 0.000 0.000 1.000
223.591 -13.525 1440.000 0.000 0.000 1.000
224.000 0.000 1520.000 0.000 0.000 1.000
223.591 13.525 1520.000 0.000 0.000 1.000
222.367 27.000 1520.000 0.000 0.000 1.000
220.331 40.377 1520.000 0.000 0.000 1.000
217.491 53.607 1520.000 0.000 0.000 1.000
213.857 66.641 1520.000 0.000 0.000 1.000
209.444 79.431 1520.000 0.000 0.000 1.000
204.266 91.932 1520.000 0.000 0.000 1.000
198.342 104.098 1520.000 0.000 0.000 1.000
191.695 115.884 1520.000 0.000 0.000 1.000
184.348 127.247 1520.000 0.000 0.000 1.000
176.329 138.145 1520.000 0.000 0.000 1.000
167.666 148.539 1520.000 0.000 0.000 1.000
158.392 158.392 1520.000 0.000 0.000 1.000
148.539 167.666 1520.000 0.000 0.000 1.000
138.145 176.329 1520.000 0.000 0.000 1.000
127.247 184.348 1520.000 0.000 0.000 1.000
115.884 191.695 1520.000 0.000 0.000 1.000
104.098 198.342 1520.000 0.000 0.000 1.000
91.932 204.266 1520.000 0.000 0.000 1.000
79.431 209.444 1520.000 0.000 0.000 1.000
66.641 213.857 1520.000 0.000 0.000 1.000
53.607 217.491 1520.000 0.000 0.000 1.000
40.377 220.331 1520.000 0.000 0.000 1.000
27.000 222.367 1520.000 0.000 0.000 1.000
13.525 223.591 1520.000 0.000 0.000 1.000
0.000 224.000 1520.000 0.000 0.000 1.000
-13.525 223.591 1520.000 0.000 0.000 1.000
-27.000 222.367 1520.000 0.000 0.000 1.000
-40.377 220.331 1520.000 0.000 0.000 1.000
-53.607 217.491 1520.000 0.000 0.000 1.000
-66.641 213.857 1520.000 0.000 0.000 1.000
-79.431 209.444 1520.000 0.000 0.000 1.000
-91.932 204.266 1520.000 0.000 0.000 1.000
-104.098 198.342 1520.000 0.000 0.000 1.000
-115.884 191.695 1520.000 0.000 0.000 1.000
-127.247 184.348 1520.000 0.000 0.000 1.000
-138.145 176.329 1520.000 0.000 0.000 1.000
-148.539 167.666 1520.000 0.000 0.000 1.000
-158.392 158.392 1520.000 0.000 0.000 1.000
-167.666 148.539 1520.000 0.000 0.000 1.000
-176.329 138.145 1520.000 0.000 0.000 1.000
-184.348 127.247 1520.000 0.000 0.000 1.000
-191.695 115.884 1520.000 0.000 0.000 1.000
-198.342 104.098 1520.000 0.000 0.000 1.000
-204.266 91.932 1520.000 0.000 0.000 1.000
-209.444 79.431 1520.000 0.000 0.000 1.000
-213.857 66.641 1520.000 0.000 0.000 1.000
-217.491 53.607 1520.000 0.000 0.000 1.000
-220.331 40.377 1520.000 0.000 0.000 1.000
-222.367 27.000 1520.000 0.000 0.000 1.000
-223.591 13.525 1520.000 0.000 0.000 1.000
-224.000 0.000 1520.000 0.000 0.000 1.000
-223.591 -13.525 1520.000 0.000 0.000 1.000
-222.367 -27.000 1520.000 0.000 0.000 1.000
-220.331 -40.377 1520.000 0.000 0.000 1.000
-217.491 -53.607 1520.000 0.000 0.000 1.000
-213.857 -66.641 1520.000 0.000 0.000 1.000
-209.444 -79.431 1520.000 0.000 0.000 1.000
-204.266 -91.932 1520.000 0.000 0.000 1.000
-198.342 -104.098 1520.000 0.000 0.000 1.000
-191.695 -115.884 1520.000 0.000 0.000 1.000
-184.348 -127.247 1520.000 0.000 0.000 1.000
-176.329 -138.145 1520.000 0.000 0.000 1.000
-167.666 -148.539 1520.000 0.000 0.000 1.000
-158.392 -158.392 1520.000 0.000 0.000 1.000
-148.539 -167.666 1520.000 0.000 0.000 1.000
-138.145 -176.329 1520.000 0.000 0.000 1.000
-127.247 -184.348 1520.000 0.000 0.000 1.000
-115.884 -191.695 1520.000 0.000 0.000 1.000
-104.098 -198.342 1520.000 0.000 0.000 1.000
-91.932 -204.266 1520.000 0.000 0.000 1.000
-79.431 -209.444 1520.000 0.000 0.000 1.000
-66.641 -213.857 1520.000 0.000 0.000 1.000
-53.607 -217.491 1520.000 0.000 0.000 1.000
-40.377 -220.331 1520.000 0.000 0.000 1.000
-27.000 -222.367 1520.000 0.000 0.000 1.000
-13.525 -223.591 1520.000 0.000 0.000 1.000
-0.000 -224.000 1520.000 0.000 0.000 1.000
13.525 -223.591 1520.000 0.000 0.000 1.000
27.000 -222.367 1520.000 0.000 0.000 1.000
40.377 -220.331 1520.000 0.000 0.000 1.000
53.607 -217.491 1520.000 0.000 0.000 1.000
66.641 -213.857 1520.000 0.000 0.000 1.000
79.431 -209.444 1520.000 0.000 0.000 1.000
91.932 -204.266 1520.000 0.000 0.000 1.000
104.098 -198.342 1520.000 0.000 0.000 1.000
115.884 -191.695 1520.000 0.000 0.000 1.000
127.247 -184.348 1520.000 0.000 0.000 1.000
138.145 -176.329 1520.000 0.000 0.000 1.000
148.539 -167.666 1520.000 0.000 0.000 1.000
158.392 -158.392 1520.000 0.000 0.000 1.000
167.666 -148.539 1520.000 0.000 0.000 1.000
176.329 -138.145 1520.000 0.000 0.000 1.000
184.348 -127.247 1520.000 0.000 0.000 1.000
191.695 -115.884 1520.000 0.000 0.000 1.000
198.342 -104.098 1520.000 0.000 0.000 1.000
204.266 -91.932 1520.000 0.000 0.000 1.000
209.444 -79.431 1520.000 0.000 0.000 1.000
213.857 -66.641 1520.000 0.000 0.000 1.000
217.491 -53.607 1520.000 0.000 0.000 1.000
220.331 -40.377 1520.000 0.000 0.000 1.000
222.367 -27.000 1520.000 0.000 0.000 1.000
223.591 -13.525 1520.000 0.000 0.000 1.000
