224.000 0.000 0.000 0.000 0.000 1.000
223.591 13.525 0.000 0.000 0.000 1.000
222.367 27.000 0.000 0.000 0.000 1.000
220.331 40.377 0.000 0.000 0.000 1.000
217.491 53.607 0.000 0.000 0.000 1.000
213.857 66.641 0.000 0.000 0.000 1.000
209.444 79.431 0.000 0.000 0.000 1.000
204.266 91.932 0.000 0.000 0.000 1.000
198.342 104.098 0.000 0.000 0.000 1.000
191.695 115.884 0.000 0.000 0.000 1.000
184.348 127.247 0.000 0.000 0.000 1.000
176.329 138.145 0.000 0.000 0.000 1.000
167.666 148.539 0.000 0.000 0.000 1.000
158.392 158.392 0.000 0.000 0.000 1.000
148.539 167.666 0.000 0.000 0.000 1.000
138.145 176.329 0.000 0.000 0.000 1.000
127.247 184.348 0.000 0.000 0.000 1.000
115.884 191.695 0.000 0.000 0.000 1.000
104.098 198.342 0.000 0.000 0.000 1.000
91.932 204.266 0.000 0.000 0.000 1.000
79.431 209.444 0.000 0.000 0.000 1.000
66.641 213.857 0.000 0.000 0.000 1.000
53.607 217.491 0.000 0.000 0.000 1.000
40.377 220.331 0.000 0.000 0.000 1.000
27.000 222.367 0.000 0.000 0.000 1.000
13.525 223.591 0.000 0.000 0.000 1.000
0.000 224.000 0.000 0.000 0.000 1.000
-13.525 223.591 0.000 0.000 0.000 1.000
-27.000 222.367 0.000 0.000 0.000 1.000
-40.377 220.331 0.000 0.000 0.000 1.000
-53.607 217.491 0.000 0.000 0.000 1.000
-66.641 213.857 0.000 0.000 0.000 1.000
-79.431 209.444 0.000 0.000 0.000 1.000
-91.932 204.266 0.000 0.000 0.000 1.000
-104.098 198.342 0.000 0.000 0.000 1.000
-115.884 191.695 0.000 0.000 0.000 1.000
-127.247 184.348 0.000 0.000 0.000 1.000
-138.145 176.329 0.000 0.000 0.000 1.000
-148.539 167.666 0.000 0.000 0.000 1.000
-158.392 158.392 0.000 0.000 0.000 1.000
-167.666 148.539 0.000 0.000 0.000 1.000
-176.329 138.145 0.000 0.000 0.000 1.000
-184.348 127.247 0.000 0.000 0.000 1.000
-191.695 115.884 0.000 0.000 0.000 1.000
-198.342 104.098 0.000 0.000 0.000 1.000
-204.266 91.932 0.000 0.000 0.000 1.000
-209.444 79.431 0.000 0.000 0.000 1.000
-213.857 66.641 0.000 0.000 0.000 1.000
-217.491 53.607 0.000 0.000 0.000 1.000
-220.331 40.377 0.000 0.000 0.000 1.000
-222.367 27.000 0.000 0.000 0.000 1.000
-223.591 13.525 0.000 0.000 0.000 1.000
-224.000 0.000 0.000 0.000 0.000 1.000
-223.591 -13.525 0.000 0.000 0.000 1.000
-222.367 -27.000 0.000 0.000 0.000 1.000
-220.331 -40.377 0.000 0.000 0.000 1.000
-217.491 -53.607 0.000 0.000 0.000 1.000
-213.857 -66.641 0.000 0.000 0.000 1.000
-209.444 -79.431 0.000 0.000 0.000 1.000
-204.266 -91.932 0.000 0.000 0.000 1.000
-198.342 -104.098 0.000 0.000 0.000 1.000
-191.695 -115.884 0.000 0.000 0.000 1.000
-184.348 -127.247 0.000 0.000 0.000 1.000
-176.329 -138.145 0.000 0.000 0.000 1.000
-167.666 -148.539 0.000 0.000 0.000 1.000
-158.392 -158.392 0.000 0.000 0.000 1.000
-148.539 -167.666 0.000 0.000 0.000 1.000
-138.145 -176.329 0.000 0.000 0.000 1.000
-127.247 -184.348 0.000 0.000 0.000 1.000
-115.884 -191.695 0.000 0.000 0.000 1.000
-104.098 -198.342 0.000 0.000 0.000 1.000
-91.932 -204.266 0.000 0.000 0.000 1.000
-79.431 -209.444 0.000 0.000 0.000 1.000
-66.641 -213.857 0.000 0.000 0.000 1.000
-53.607 -217.491 0.000 0.000 0.000 1.000
-40.377 -220.331 0.000 0.000 0.000 1.000
-27.000 -222.367 0.000 0.000 0.000 1.000
-13.525 -223.591 0.000 0.000 0.000 1.000
-0.000 -224.000 0.000 0.000 0.000 1.000
13.525 -223.591 0.000 0.000 0.000 1.000
27.000 -222.367 0.000 0.000 0.000 1.000
40.377 -220.331 0.000 0.000 0.000 1.000
53.607 -217.491 0.000 0.000 0.000 1.000
66.641 -213.857 0.000 0.000 0.000 1.000
79.431 -209.444 0.000 0.000 0.000 1.000
91.932 -204.266 0.000 0.000 0.000 1.000
104.098 -198.342 0.000 0.000 0.000 1.000
115.884 -191.695 0.000 0.000 0.000 1.000
127.247 -184.348 0.000 0.000 0.000 1.000
138.145 -176.329 0.000 0.000 0.000 1.000
148.539 -167.666 0.000 0.000 0.000 1.000
158.392 -158.392 0.000 0.000 0.000 1.000
167.666 -148.539 0.000 0.000 0.000 1.000
176.329 -138.145 0.000 0.000 0.000 1.000
184.348 -127.247 0.000 0.000 0.000 1.000
191.695 -115.884 0.000 0.000 0.000 1.000
198.342 -104.098 0.000 0.000 0.000 1.000
204.266 -91.932 0.000 0.000 0.000 1.000
209.444 -79.431 0.000 0.000 0.000 1.000
213.857 -66.641 0.000 0.000 0.000 1.000
217.491 -53.607 0.000 0.000 0.000 1.000
220.331 -40.377 0.000 0.000 0.000 1.000
222.367 -27.000 0.000 0.000 0.000 1.000
223.591 -13.525 0.000 0.000 0.000 1.000
224.000 0.000 80.000 0.000 0.000 1.000
223.591 13.525 80.000 0.000 0.000 1.000
222.367 27.000 80.000 0.000 0.000 1.000
220.331 40.377 80.000 0.000 0.000 1.000
217.491 53.607 80.000 0.000 0.000 1.000
213.857 66.641 80.000 0.000 0.000 1.000
209.444 79.431 80.000 0.000 0.000 1.000
204.266 91.932 80.000 0.000 0.000 1.000
198.342 104.098 80.000 0.000 0.000 1.000
191.695 115.884 80.000 0.000 0.000 1.000
184.348 127.247 80.000 0.000 0.000 1.000
176.329 138.145 80.000 0.000 0.000 1.000
167.666 148.539 80.000 0.000 0.000 1.000
158.392 158.392 80.000 0.000 0.000 1.000
148.539 167.666 80.000 0.000 0.000 1.000
138.145 176.329 80.000 0.000 0.000 1.000
127.247 184.348 80.000 0.000 0.000 1.000
115.884 191.695 80.000 0.000 0.000 1.000
104.098 198.342 80.000 0.000 0.000 1.000
91.932 204.266 80.000 0.000 0.000 1.000
79.431 209.444 80.000 0.000 0.000 1.000
66.641 213.857 80.000 0.000 0.000 1.000
53.607 217.491 80.000 0.000 0.000 1.000
40.377 220.331 80.000 0.000 0.000 1.000
27.000 222.367 80.000 0.000 0.000 1.000
13.525 223.591 80.000 0.000 0.000 1.000
0.000 224.000 80.000 0.000 0.000 1.000
-13.525 223.591 80.000 0.000 0.000 1.000
-27.000 222.367 80.000 0.000 0.000 1.000
-40.377 220.331 80.000 0.000 0.000 1.000
-53.607 217.491 80.000 0.000 0.000 1.000
-66.641 213.857 80.000 0.000 0.000 1.000
-79.431 209.444 80.000 0.000 0.000 1.000
-91.932 204.266 80.000 0.000 0.000 1.000
-104.098 198.342 80.000 0.000 0.000 1.000
-115.884 191.695 80.000 0.000 0.000 1.000
-127.247 184.348 80.000 0.000 0.000 1.000
-138.145 176.329 80.000 0.000 0.000 1.000
-148.539 167.666 80.000 0.000 0.000 1.000
-158.392 158.392 80.000 0.000 0.000 1.000
-167.666 148.539 80.000 0.000 0.000 1.000
-176.329 138.145 80.000 0.000 0.000 1.000
-184.348 127.247 80.000 0.000 0.000 1.000
-191.695 115.884 80.000 0.000 0.000 1.000
-198.342 104.098 80.000 0.000 0.000 1.000
-204.266 91.932 80.000 0.000 0.000 1.000
-209.444 79.431 80.000 0.000 0.000 1.000
-213.857 66.641 80.000 0.000 0.000 1.000
-217.491 53.607 80.000 0.000 0.000 1.000
-220.331 40.377 80.000 0.000 0.000 1.000
-222.367 27.000 80.000 0.000 0.000 1.000
-223.591 13.525 80.000 0.000 0.000 1.000
-224.000 0.000 80.000 0.000 0.000 1.000
-223.591 -13.525 80.000 0.000 0.000 1.000
-222.367 -27.000 80.000 0.000 0.000 1.000
-220.331 -40.377 80.000 0.000 0.000 1.000
-217.491 -53.607 80.000 0.000 0.000 1.000
-213.857 -66.641 80.000 0.000 0.000 1.000
-209.444 -79.431 80.000 0.000 0.000 1.000
-204.266 -91.932 80.000 0.000 0.000 1.000
-198.342 -104.098 80.000 0.000 0.000 1.000
-191.695 -115.884 80.000 0.000 0.000 1.000
-184.348 -127.247 80.000 0.000 0.000 1.000
-176.329 -138.145 80.000 0.000 0.000 1.000
-167.666 -148.539 80.000 0.000 0.000 1.000
-158.392 -158.392 80.000 0.000 0.000 1.000
-148.539 -167.666 80.000 0.000 0.000 1.000
-138.145 -176.329 80.000 0.000 0.000 1.000
-127.247 -184.348 80.000 0.000 0.000 1.000
-115.884 -191.695 80.000 0.000 0.000 1.000
-104.098 -198.342 80.000 0.000 0.000 1.000
-91.932 -204.266 80.000 0.000 0.000 1.000
-79.431 -209.444 80.000 0.000 0.000 1.000
-66.641 -213.857 80.000 0.000 0.000 1.000
-53.607 -217.491 80.000 0.000 0.000 1.000
-40.377 -220.331 80.000 0.000 0.000 1.000
-27.000 -222.367 80.000 0.000 0.000 1.000
-13.525 -223.591 80.000 0.000 0.000 1.000
-0.000 -224.000 80.000 0.000 0.000 1.000
13.525 -223.591 80.000 0.000 0.000 1.000
27.000 -222.367 80.000 0.000 0.000 1.000
40.377 -220.331 80.000 0.000 0.000 1.000
53.607 -217.491 80.000 0.000 0.000 1.000
66.641 -213.857 80.000 0.000 0.000 1.000
79.431 -209.444 80.000 0.000 0.000 1.000
91.932 -204.266 80.000 0.000 0.000 1.000
104.098 -198.342 80.000 0.000 0.000 1.000
115.884 -191.695 80.000 0.000 0.000 1.000
127.247 -184.348 80.000 0.000 0.000 1.000
138.145 -176.329 80.000 0.000 0.000 1.000
148.539 -167.666 80.000 0.000 0.000 1.000
158.392 -158.392 80.000 0.000 0.000 1.000
167.666 -148.539 80.000 0.000 0.000 1.000
176.329 -138.145 80.000 0.000 0.000 1.000
184.348 -127.247 80.000 0.000 0.000 1.000
191.695 -115.884 80.000 0.000 0.000 1.000
198.342 -104.098 80.000 0.000 0.000 1.000
204.266 -91.932 80.000 0.000 0.000 1.000
209.444 -79.431 80.000 0.000 0.000 1.000
213.857 -66.641 80.000 0.000 0.000 1.000
217.491 -53.607 80.000 0.000 0.000 1.000
220.331 -40.377 80.000 0.000 0.000 1.000
222.367 -27.000 80.000 0.000 0.000 1.000
223.591 -13.525 80.000 0.000 0.000 1.000
224.000 0.000 160.000 0.000 0.000 1.000
223.591 13.525 160.000 0.000 0.000 1.000
222.367 27.000 160.000 0.000 0.000 1.000
220.331 40.377 160.000 0.000 0.000 1.000
217.491 53.607 160.000 0.000 0.000 1.000
213.857 66.641 160.000 0.000 0.000 1.000
209.444 79.431 160.000 0.000 0.000 1.000
204.266 91.932 160.000 0.000 0.000 1.000
198.342 104.098 160.000 0.000 0.000 1.000
191.695 115.884 160.000 0.000 0.000 1.000
184.348 127.247 160.000 0.000 0.000 1.000
176.329 138.145 160.000 0.000 0.000 1.000
167.666 148.539 160.000 0.000 0.000 1.000
158.392 158.392 160.000 0.000 0.000 1.000
148.539 167.666 160.000 0.000 0.000 1.000
138.145 176.329 160.000 0.000 0.000 1.000
127.247 184.348 160.000 0.000 0.000 1.000
115.884 191.695 160.000 0.000 0.000 1.000
104.098 198.342 160.000 0.000 0.000 1.000
91.932 204.266 160.000 0.000 0.000 1.000
79.431 209.444 160.000 0.000 0.000 1.000
66.641 213.857 160.000 0.000 0.000 1.000
53.607 217.491 160.000 0.000 0.000 1.000
40.377 220.331 160.000 0.000 0.000 1.000
27.000 222.367 160.000 0.000 0.000 1.000
13.525 223.591 160.000 0.000 0.000 1.000
0.000 224.000 160.000 0.000 0.000 1.000
-13.525 223.591 160.000 0.000 0.000 1.000
-27.000 222.367 160.000 0.000 0.000 1.000
-40.377 220.331 160.000 0.000 0.000 1.000
-53.607 217.491 160.000 0.000 0.000 1.000
-66.641 213.857 160.000 0.000 0.000 1.000
-79.431 209.444 160.000 0.000 0.000 1.000
-91.932 204.266 160.000 0.000 0.000 1.000
-104.098 198.342 160.000 0.000 0.000 1.000
-115.884 191.695 160.000 0.000 0.000 1.000
-127.247 184.348 160.000 0.000 0.000 1.000
-138.145 176.329 160.000 0.000 0.000 1.000
-148.539 167.666 160.000 0.000 0.000 1.000
-158.392 158.392 160.000 0.000 0.000 1.000
-167.666 148.539 160.000 0.000 0.000 1.000
-176.329 138.145 160.000 0.000 0.000 1.000
-184.348 127.247 160.000 0.000 0.000 1.000
-191.695 115.884 160.000 0.000 0.000 1.000
-198.342 104.098 160.000 0.000 0.000 1.000
-204.266 91.932 160.000 0.000 0.000 1.000
-209.444 79.431 160.000 0.000 0.000 1.000
-213.857 66.641 160.000 0.000 0.000 1.000
-217.491 53.607 160.000 0.000 0.000 1.000
-220.331 40.377 160.000 0.000 0.000 1.000
-222.367 27.000 160.000 0.000 0.000 1.000
-223.591 13.525 160.000 0.000 0.000 1.000
-224.000 0.000 160.000 0.000 0.000 1.000
-223.591 -13.525 160.000 0.000 0.000 1.000
-222.367 -27.000 160.000 0.000 0.000 1.000
-220.331 -40.377 160.000 0.000 0.000 1.000
-217.491 -53.607 160.000 0.000 0.000 1.000
-213.857 -66.641 160.000 0.000 0.000 1.000
-209.444 -79.431 160.000 0.000 0.000 1.000
-204.266 -91.932 160.000 0.000 0.000 1.000
-198.342 -104.098 160.000 0.000 0.000 1.000
-191.695 -115.884 160.000 0.000 0.000 1.000
-184.348 -127.247 160.000 0.000 0.000 1.000
-176.329 -138.145 160.000 0.000 0.000 1.000
-167.666 -148.539 160.000 0.000 0.000 1.000
-158.392 -158.392 160.000 0.000 0.000 1.000
-148.539 -167.666 160.000 0.000 0.000 1.000
-138.145 -176.329 160.000 0.000 0.000 1.000
-127.247 -184.348 160.000 0.000 0.000 1.000
-115.884 -191.695 160.000 0.000 0.000 1.000
-104.098 -198.342 160.000 0.000 0.000 1.000
-91.932 -204.266 160.000 0.000 0.000 1.000
-79.431 -209.444 160.000 0.000 0.000 1.000
-66.641 -213.857 160.000 0.000 0.000 1.000
-53.607 -217.491 160.000 0.000 0.000 1.000
-40.377 -220.331 160.000 0.000 0.000 1.000
-27.000 -222.367 160.000 0.000 0.000 1.000
-13.525 -223.591 160.000 0.000 0.000 1.000
-0.000 -224.000 160.000 0.000 0.000 1.000
13.525 -223.591 160.000 0.000 0.000 1.000
27.000 -222.367 160.000 0.000 0.000 1.000
40.377 -220.331 160.000 0.000 0.000 1.000
53.607 -217.491 160.000 0.000 0.000 1.000
66.641 -213.857 160.000 0.000 0.000 1.000
79.431 -209.444 160.000 0.000 0.000 1.000
91.932 -204.266 160.000 0.000 0.000 1.000
104.098 -198.342 160.000 0.000 0.000 1.000
115.884 -191.695 160.000 0.000 0.000 1.000
127.247 -184.348 160.000 0.000 0.000 1.000
138.145 -176.329 160.000 0.000 0.000 1.000
148.539 -167.666 160.000 0.000 0.000 1.000
158.392 -158.392 160.000 0.000 0.000 1.000
167.666 -148.539 160.000 0.000 0.000 1.000
176.329 -138.145 160.000 0.000 0.000 1.000
184.348 -127.247 160.000 0.000 0.000 1.000
191.695 -115.884 160.000 0.000 0.000 1.000
198.342 -104.098 160.000 0.000 0.000 1.000
204.266 -91.932 160.000 0.000 0.000 1.000
209.444 -79.431 160.000 0.000 0.000 1.000
213.857 -66.641 160.000 0.000 0.000 1.000
217.491 -53.607 160.000 0.000 0.000 1.000
220.331 -40.377 160.000 0.000 0.000 1.000
222.367 -27.000 160.000 0.000 0.000 1.000
223.591 -13.525 160.000 0.000 0.000 1.000
224.000 0.000 240.000 0.000 0.000 1.000
223.591 13.525 240.000 0.000 0.000 1.000
222.367 27.000 240.000 0.000 0.000 1.000
220.331 40.377 240.000 0.000 0.000 1.000
217.491 53.607 240.000 0.000 0.000 1.000
213.857 66.641 240.000 0.000 0.000 1.000
209.444 79.431 240.000 0.000 0.000 1.000
204.266 91.932 240.000 0.000 0.000 1.000
198.342 104.098 240.000 0.000 0.000 1.000
191.695 115.884 240.000 0.000 0.000 1.000
184.348 127.247 240.000 0.000 0.000 1.000
176.329 138.145 240.000 0.000 0.000 1.000
167.666 148.539 240.000 0.000 0.000 1.000
158.392 158.392 240.000 0.000 0.000 1.000
148.539 167.666 240.000 0.000 0.000 1.000
138.145 176.329 240.000 0.000 0.000 1.000
127.247 184.348 240.000 0.000 0.000 1.000
115.884 191.695 240.000 0.000 0.000 1.000
104.098 198.342 240.000 0.000 0.000 1.000
91.932 204.266 240.000 0.000 0.000 1.000
79.431 209.444 240.000 0.000 0.000 1.000
66.641 213.857 240.000 0.000 0.000 1.000
53.607 217.491 240.000 0.000 0.000 1.000
40.377 220.331 240.000 0.000 0.000 1.000
27.000 222.367 240.000 0.000 0.000 1.000
13.525 223.591 240.000 0.000 0.000 1.000
0.000 224.000 240.000 0.000 0.000 1.000
-13.525 223.591 240.000 0.000 0.000 1.000
-27.000 222.367 240.000 0.000 0.000 1.000
-40.377 220.331 240.000 0.000 0.000 1.000
-53.607 217.491 240.000 0.000 0.000 1.000
-66.641 213.857 240.000 0.000 0.000 1.000
-79.431 209.444 240.000 0.000 0.000 1.000
-91.932 204.266 240.000 0.000 0.000 1.000
-104.098 198.342 240.000 0.000 0.000 1.000
-115.884 191.695 240.000 0.000 0.000 1.000
-127.247 184.348 240.000 0.000 0.000 1.000
-138.145 176.329 240.000 0.000 0.000 1.000
-148.539 167.666 240.000 0.000 0.000 1.000
-158.392 158.392 240.000 0.000 0.000 1.000
-167.666 148.539 240.000 0.000 0.000 1.000
-176.329 138.145 240.000 0.000 0.000 1.000
-184.348 127.247 240.000 0.000 0.000 1.000
-191.695 115.884 240.000 0.000 0.000 1.000
-198.342 104.098 240.000 0.000 0.000 1.000
-204.266 91.932 240.000 0.000 0.000 1.000
-209.444 79.431 240.000 0.000 0.000 1.000
-213.857 66.641 240.000 0.000 0.000 1.000
-217.491 53.607 240.000 0.000 0.000 1.000
-220.331 40.377 240.000 0.000 0.000 1.000
-222.367 27.000 240.000 0.000 0.000 1.000
-223.591 13.525 240.000 0.000 0.000 1.000
-224.000 0.000 240.000 0.000 0.000 1.000
-223.591 -13.525 240.000 0.000 0.000 1.000
-222.367 -27.000 240.000 0.000 0.000 1.000
-220.331 -40.377 240.000 0.000 0.000 1.000
-217.491 -53.607 240.000 0.000 0.000 1.000
-213.857 -66.641 240.000 0.000 0.000 1.000
-209.444 -79.431 240.000 0.000 0.000 1.000
-204.266 -91.932 240.000 0.000 0.000 1.000
-198.342 -104.098 240.000 0.000 0.000 1.000
-191.695 -115.884 240.000 0.000 0.000 1.000
-184.348 -127.247 240.000 0.000 0.000 1.000
-176.329 -138.145 240.000 0.000 0.000 1.000
-167.666 -148.539 240.000 0.000 0.000 1.000
-158.392 -158.392 240.000 0.000 0.000 1.000
-148.539 -167.666 240.000 0.000 0.000 1.000
-138.145 -176.329 240.000 0.000 0.000 1.000
-127.247 -184.348 240.000 0.000 0.000 1.000
-115.884 -191.695 240.000 0.000 0.000 1.000
-104.098 -198.342 240.000 0.000 0.000 1.000
-91.932 -204.266 240.000 0.000 0.000 1.000
-79.431 -209.444 240.000 0.000 0.000 1.000
-66.641 -213.857 240.000 0.000 0.000 1.000
-53.607 -217.491 240.000 0.000 0.000 1.000
-40.377 -220.331 240.000 0.000 0.000 1.000
-27.000 -222.367 240.000 0.000 0.000 1.000
-13.525 -223.591 240.000 0.000 0.000 1.000
-0.000 -224.000 240.000 0.000 0.000 1.000
13.525 -223.591 240.000 0.000 0.000 1.000
27.000 -222.367 240.000 0.000 0.000 1.000
40.377 -220.331 240.000 0.000 0.000 1.000
53.607 -217.491 240.000 0.000 0.000 1.000
66.641 -213.857 240.000 0.000 0.000 1.000
79.431 -209.444 240.000 0.000 0.000 1.000
91.932 -204.266 240.000 0.000 0.000 1.000
104.098 -198.342 240.000 0.000 0.000 1.000
115.884 -191.695 240.000 0.000 0.000 1.000
127.247 -184.348 240.000 0.000 0.000 1.000
138.145 -176.329 240.000 0.000 0.000 1.000
148.539 -167.666 240.000 0.000 0.000 1.000
158.392 -158.392 240.000 0.000 0.000 1.000
167.666 -148.539 240.000 0.000 0.000 1.000
176.329 -138.145 240.000 0.000 0.000 1.000
184.348 -127.247 240.000 0.000 0.000 1.000
191.695 -115.884 240.000 0.000 0.000 1.000
198.342 -104.098 240.000 0.000 0.000 1.000
204.266 -91.932 240.000 0.000 0.000 1.000
209.444 -79.431 240.000 0.000 0.000 1.000
213.857 -66.641 240.000 0.000 0.000 1.000
217.491 -53.607 240.000 0.000 0.000 1.000
220.331 -40.377 240.000 0.000 0.000 1.000
222.367 -27.000 240.000 0.000 0.000 1.000
223.591 -13.525 240.000 0.000 0.000 1.000
224.000 0.000 320.000 0.000 0.000 1.000
223.591 13.525 320.000 0.000 0.000 1.000
222.367 27.000 320.000 0.000 0.000 1.000
220.331 40.377 320.000 0.000 0.000 1.000
217.491 53.607 320.000 0.000 0.000 1.000
213.857 66.641 320.000 0.000 0.000 1.000
209.444 79.431 320.000 0.000 0.000 1.000
204.266 91.932 320.000 0.000 0.000 1.000
198.342 104.098 320.000 0.000 0.000 1.000
191.695 115.884 320.000 0.000 0.000 1.000
184.348 127.247 320.000 0.000 0.000 1.000
176.329 138.145 320.000 0.000 0.000 1.000
167.666 148.539 320.000 0.000 0.000 1.000
158.392 158.392 320.000 0.000 0.000 1.000
148.539 167.666 320.000 0.000 0.000 1.000
138.145 176.329 320.000 0.000 0.000 1.000
127.247 184.348 320.000 0.000 0.000 1.000
115.884 191.695 320.000 0.000 0.000 1.000
104.098 198.342 320.000 0.000 0.000 1.000
91.932 204.266 320.000 0.000 0.000 1.000
79.431 209.444 320.000 0.000 0.000 1.000
66.641 213.857 320.000 0.000 0.000 1.000
53.607 217.491 320.000 0.000 0.000 1.000
40.377 220.331 320.000 0.000 0.000 1.000
27.000 222.367 320.000 0.000 0.000 1.000
13.525 223.591 320.000 0.000 0.000 1.000
0.000 224.000 320.000 0.000 0.000 1.000
-13.525 223.591 320.000 0.000 0.000 1.000
-27.000 222.367 320.000 0.000 0.000 1.000
-40.377 220.331 320.000 0.000 0.000 1.000
-53.607 217.491 320.000 0.000 0.000 1.000
-66.641 213.857 320.000 0.000 0.000 1.000
-79.431 209.444 320.000 0.000 0.000 1.000
-91.932 204.266 320.000 0.000 0.000 1.000
-104.098 198.342 320.000 0.000 0.000 1.000
-115.884 191.695 320.000 0.000 0.000 1.000
-127.247 184.348 320.000 0.000 0.000 1.000
-138.145 176.329 320.000 0.000 0.000 1.000
-148.539 167.666 320.000 0.000 0.000 1.000
-158.392 158.392 320.000 0.000 0.000 1.000
-167.666 148.539 320.000 0.000 0.000 1.000
-176.329 138.145 320.000 0.000 0.000 1.000
-184.348 127.247 320.000 0.000 0.000 1.000
-191.695 115.884 320.000 0.000 0.000 1.000
-198.342 104.098 320.000 0.000 0.000 1.000
-204.266 91.932 320.000 0.000 0.000 1.000
-209.444 79.431 320.000 0.000 0.000 1.000
-213.857 66.641 320.000 0.000 0.000 1.000
-217.491 53.607 320.000 0.000 0.000 1.000
-220.331 40.377 320.000 0.000 0.000 1.000
-222.367 27.000 320.000 0.000 0.000 1.000
-223.591 13.525 320.000 0.000 0.000 1.000
-224.000 0.000 320.000 0.000 0.000 1.000
-223.591 -13.525 320.000 0.000 0.000 1.000
-222.367 -27.000 320.000 0.000 0.000 1.000
-220.331 -40.377 320.000 0.000 0.000 1.000
-217.491 -53.607 320.000 0.000 0.000 1.000
-213.857 -66.641 320.000 0.000 0.000 1.000
-209.444 -79.431 320.000 0.000 0.000 1.000
-204.266 -91.932 320.000 0.000 0.000 1.000
-198.342 -104.098 320.000 0.000 0.000 1.000
-191.695 -115.884 320.000 0.000 0.000 1.000
-184.348 -127.247 320.000 0.000 0.000 1.000
-176.329 -138.145 320.000 0.000 0.000 1.000
-167.666 -148.539 320.000 0.000 0.000 1.000
-158.392 -158.392 320.000 0.000 0.000 1.000
-148.539 -167.666 320.000 0.000 0.000 1.000
-138.145 -176.329 320.000 0.000 0.000 1.000
-127.247 -184.348 320.000 0.000 0.000 1.000
-115.884 -191.695 320.000 0.000 0.000 1.000
-104.098 -198.342 320.000 0.000 0.000 1.000
-91.932 -204.266 320.000 0.000 0.000 1.000
-79.431 -209.444 320.000 0.000 0.000 1.000
-66.641 -213.857 320.000 0.000 0.000 1.000
-53.607 -217.491 320.000 0.000 0.000 1.000
-40.377 -220.331 320.000 0.000 0.000 1.000
-27.000 -222.367 320.000 0.000 0.000 1.000
-13.525 -223.591 320.000 0.000 0.000 1.000
-0.000 -224.000 320.000 0.000 0.000 1.000
13.525 -223.591 320.000 0.000 0.000 1.000
27.000 -222.367 320.000 0.000 0.000 1.000
40.377 -220.331 320.000 0.000 0.000 1.000
53.607 -217.491 320.000 0.000 0.000 1.000
66.641 -213.857 320.000 0.000 0.000 1.000
79.431 -209.444 320.000 0.000 0.000 1.000
91.932 -204.266 320.000 0.000 0.000 1.000
104.098 -198.342 320.000 0.000 0.000 1.000
115.884 -191.695 320.000 0.000 0.000 1.000
127.247 -184.348 320.000 0.000 0.000 1.000
138.145 -176.329 320.000 0.000 0.000 1.000
148.539 -167.666 320.000 0.000 0.000 1.000
158.392 -158.392 320.000 0.000 0.000 1.000
167.666 -148.539 320.000 0.000 0.000 1.000
176.329 -138.145 320.000 0.000 0.000 1.000
184.348 -127.247 320.000 0.000 0.000 1.000
191.695 -115.884 320.000 0.000 0.000 1.000
198.342 -104.098 320.000 0.000 0.000 1.000
204.266 -91.932 320.000 0.000 0.000 1.000
209.444 -79.431 320.000 0.000 0.000 1.000
213.857 -66.641 320.000 0.000 0.000 1.000
217.491 -53.607 320.000 0.000 0.000 1.000
220.331 -40.377 320.000 0.000 0.000 1.000
222.367 -27.000 320.000 0.000 0.000 1.000
223.591 -13.525 320.000 0.000 0.000 1.000
224.000 0.000 400.000 0.000 0.000 1.000
223.591 13.525 400.000 0.000 0.000 1.000
222.367 27.000 400.000 0.000 0.000 1.000
220.331 40.377 400.000 0.000 0.000 1.000
217.491 53.607 400.000 0.000 0.000 1.000
213.857 66.641 400.000 0.000 0.000 1.000
209.444 79.431 400.000 0.000 0.000 1.000
204.266 91.932 400.000 0.000 0.000 1.000
198.342 104.098 400.000 0.000 0.000 1.000
191.695 115.884 400.000 0.000 0.000 1.000
184.348 127.247 400.000 0.000 0.000 1.000
176.329 138.145 400.000 0.000 0.000 1.000
167.666 148.539 400.000 0.000 0.000 1.000
158.392 158.392 400.000 0.000 0.000 1.000
148.539 167.666 400.000 0.000 0.000 1.000
138.145 176.329 400.000 0.000 0.000 1.000
127.247 184.348 400.000 0.000 0.000 1.000
115.884 191.695 400.000 0.000 0.000 1.000
104.098 198.342 400.000 0.000 0.000 1.000
91.932 204.266 400.000 0.000 0.000 1.000
79.431 209.444 400.000 0.000 0.000 1.000
66.641 213.857 400.000 0.000 0.000 1.000
53.607 217.491 400.000 0.000 0.000 1.000
40.377 220.331 400.000 0.000 0.000 1.000
27.000 222.367 400.000 0.000 0.000 1.000
13.525 223.591 400.000 0.000 0.000 1.000
0.000 224.000 400.000 0.000 0.000 1.000
-13.525 223.591 400.000 0.000 0.000 1.000
-27.000 222.367 400.000 0.000 0.000 1.000
-40.377 220.331 400.000 0.000 0.000 1.000
-53.607 217.491 400.000 0.000 0.000 1.000
-66.641 213.857 400.000 0.000 0.000 1.000
-79.431 209.444 400.000 0.000 0.000 1.000
-91.932 204.266 400.000 0.000 0.000 1.000
-104.098 198.342 400.000 0.000 0.000 1.000
-115.884 191.695 400.000 0.000 0.000 1.000
-127.247 184.348 400.000 0.000 0.000 1.000
-138.145 176.329 400.000 0.000 0.000 1.000
-148.539 167.666 400.000 0.000 0.000 1.000
-158.392 158.392 400.000 0.000 0.000 1.000
-167.666 148.539 400.000 0.000 0.000 1.000
-176.329 138.145 400.000 0.000 0.000 1.000
-184.348 127.247 400.000 0.000 0.000 1.000
-191.695 115.884 400.000 0.000 0.000 1.000
-198.342 104.098 400.000 0.000 0.000 1.000
-204.266 91.932 400.000 0.000 0.000 1.000
-209.444 79.431 400.000 0.000 0.000 1.000
-213.857 66.641 400.000 0.000 0.000 1.000
-217.491 53.607 400.000 0.000 0.000 1.000
-220.331 40.377 400.000 0.000 0.000 1.000
-222.367 27.000 400.000 0.000 0.000 1.000
-223.591 13.525 400.000 0.000 0.000 1.000
-224.000 0.000 400.000 0.000 0.000 1.000
-223.591 -13.525 400.000 0.000 0.000 1.000
-222.367 -27.000 400.000 0.000 0.000 1.000
-220.331 -40.377 400.000 0.000 0.000 1.000
-217.491 -53.607 400.000 0.000 0.000 1.000
-213.857 -66.641 400.000 0.000 0.000 1.000
-209.444 -79.431 400.000 0.000 0.000 1.000
-204.266 -91.932 400.000 0.000 0.000 1.000
-198.342 -104.098 400.000 0.000 0.000 1.000
-191.695 -115.884 400.000 0.000 0.000 1.000
-184.348 -127.247 400.000 0.000 0.000 1.000
-176.329 -138.145 400.000 0.000 0.000 1.000
-167.666 -148.539 400.000 0.000 0.000 1.000
-158.392 -158.392 400.000 0.000 0.000 1.000
-148.539 -167.666 400.000 0.000 0.000 1.000
-138.145 -176.329 400.000 0.000 0.000 1.000
-127.247 -184.348 400.000 0.000 0.000 1.000
-115.884 -191.695 400.000 0.000 0.000 1.000
-104.098 -198.342 400.000 0.000 0.000 1.000
-91.932 -204.266 400.000 0.000 0.000 1.000
-79.431 -209.444 400.000 0.000 0.000 1.000
-66.641 -213.857 400.000 0.000 0.000 1.000
-53.607 -217.491 400.000 0.000 0.000 1.000
-40.377 -220.331 400.000 0.000 0.000 1.000
-27.000 -222.367 400.000 0.000 0.000 1.000
-13.525 -223.591 400.000 0.000 0.000 1.000
-0.000 -224.000 400.000 0.000 0.000 1.000
13.525 -223.591 400.000 0.000 0.000 1.000
27.000 -222.367 400.000 0.000 0.000 1.000
40.377 -220.331 400.000 0.000 0.000 1.000
53.607 -217.491 400.000 0.000 0.000 1.000
66.641 -213.857 400.000 0.000 0.000 1.000
79.431 -209.444 400.000 0.000 0.000 1.000
91.932 -204.266 400.000 0.000 0.000 1.000
104.098 -198.342 400.000 0.000 0.000 1.000
115.884 -191.695 400.000 0.000 0.000 1.000
127.247 -184.348 400.000 0.000 0.000 1.000
138.145 -176.329 400.000 0.000 0.000 1.000
148.539 -167.666 400.000 0.000 0.000 1.000
158.392 -158.392 400.000 0.000 0.000 1.000
167.666 -148.539 400.000 0.000 0.000 1.000
176.329 -138.145 400.000 0.000 0.000 1.000
184.348 -127.247 400.000 0.000 0.000 1.000
191.695 -115.884 400.000 0.000 0.000 1.000
198.342 -104.098 400.000 0.000 0.000 1.000
204.266 -91.932 400.000 0.000 0.000 1.000
209.444 -79.431 400.000 0.000 0.000 1.000
213.857 -66.641 400.000 0.000 0.000 1.000
217.491 -53.607 400.000 0.000 0.000 1.000
220.331 -40.377 400.000 0.000 0.000 1.000
222.367 -27.000 400.000 0.000 0.000 1.000
223.591 -13.525 400.000 0.000 0.000 1.000
224.000 0.000 480.000 0.000 0.000 1.000
223.591 13.525 480.000 0.000 0.000 1.000
222.367 27.000 480.000 0.000 0.000 1.000
220.331 40.377 480.000 0.000 0.000 1.000
217.491 53.607 480.000 0.000 0.000 1.000
213.857 66.641 480.000 0.000 0.000 1.000
209.444 79.431 480.000 0.000 0.000 1.000
204.266 91.932 480.000 0.000 0.000 1.000
198.342 104.098 480.000 0.000 0.000 1.000
191.695 115.884 480.000 0.000 0.000 1.000
184.348 127.247 480.000 0.000 0.000 1.000
176.329 138.145 480.000 0.000 0.000 1.000
167.666 148.539 480.000 0.000 0.000 1.000
158.392 158.392 480.000 0.000 0.000 1.000
148.539 167.666 480.000 0.000 0.000 1.000
138.145 176.329 480.000 0.000 0.000 1.000
127.247 184.348 480.000 0.000 0.000 1.000
115.884 191.695 480.000 0.000 0.000 1.000
104.098 198.342 480.000 0.000 0.000 1.000
91.932 204.266 480.000 0.000 0.000 1.000
79.431 209.444 480.000 0.000 0.000 1.000
66.641 213.857 480.000 0.000 0.000 1.000
53.607 217.491 480.000 0.000 0.000 1.000
40.377 220.331 480.000 0.000 0.000 1.000
27.000 222.367 480.000 0.000 0.000 1.000
13.525 223.591 480.000 0.000 0.000 1.000
0.000 224.000 480.000 0.000 0.000 1.000
-13.525 223.591 480.000 0.000 0.000 1.000
-27.000 222.367 480.000 0.000 0.000 1.000
-40.377 220.331 480.000 0.000 0.000 1.000
-53.607 217.491 480.000 0.000 0.000 1.000
-66.641 213.857 480.000 0.000 0.000 1.000
-79.431 209.444 480.000 0.000 0.000 1.000
-91.932 204.266 480.000 0.000 0.000 1.000
-104.098 198.342 480.000 0.000 0.000 1.000
-115.884 191.695 480.000 0.000 0.000 1.000
-127.247 184.348 480.000 0.000 0.000 1.000
-138.145 176.329 480.000 0.000 0.000 1.000
-148.539 167.666 480.000 0.000 0.000 1.000
-158.392 158.392 480.000 0.000 0.000 1.000
-167.666 148.539 480.000 0.000 0.000 1.000
-176.329 138.145 480.000 0.000 0.000 1.000
-184.348 127.247 480.000 0.000 0.000 1.000
-191.695 115.884 480.000 0.000 0.000 1.000
-198.342 104.098 480.000 0.000 0.000 1.000
-204.266 91.932 480.000 0.000 0.000 1.000
-209.444 79.431 480.000 0.000 0.000 1.000
-213.857 66.641 480.000 0.000 0.000 1.000
-217.491 53.607 480.000 0.000 0.000 1.000
-220.331 40.377 480.000 0.000 0.000 1.000
-222.367 27.000 480.000 0.000 0.000 1.000
-223.591 13.525 480.000 0.000 0.000 1.000
-224.000 0.000 480.000 0.000 0.000 1.000
-223.591 -13.525 480.000 0.000 0.000 1.000
-222.367 -27.000 480.000 0.000 0.000 1.000
-220.331 -40.377 480.000 0.000 0.000 1.000
-217.491 -53.607 480.000 0.000 0.000 1.000
-213.857 -66.641 480.000 0.000 0.000 1.000
-209.444 -79.431 480.000 0.000 0.000 1.000
-204.266 -91.932 480.000 0.000 0.000 1.000
-198.342 -104.098 480.000 0.000 0.000 1.000
-191.695 -115.884 480.000 0.000 0.000 1.000
-184.348 -127.247 480.000 0.000 0.000 1.000
-176.329 -138.145 480.000 0.000 0.000 1.000
-167.666 -148.539 480.000 0.000 0.000 1.000
-158.392 -158.392 480.000 0.000 0.000 1.000
-148.539 -167.666 480.000 0.000 0.000 1.000
-138.145 -176.329 480.000 0.000 0.000 1.000
-127.247 -184.348 480.000 0.000 0.000 1.000
-115.884 -191.695 480.000 0.000 0.000 1.000
-104.098 -198.342 480.000 0.000 0.000 1.000
-91.932 -204.266 480.000 0.000 0.000 1.000
-79.431 -209.444 480.000 0.000 0.000 1.000
-66.641 -213.857 480.000 0.000 0.000 1.000
-53.607 -217.491 480.000 0.000 0.000 1.000
-40.377 -220.331 480.000 0.000 0.000 1.000
-27.000 -222.367 480.000 0.000 0.000 1.000
-13.525 -223.591 480.000 0.000 0.000 1.000
-0.000 -224.000 480.000 0.000 0.000 1.000
13.525 -223.591 480.000 0.000 0.000 1.000
27.000 -222.367 480.000 0.000 0.000 1.000
40.377 -220.331 480.000 0.000 0.000 1.000
53.607 -217.491 480.000 0.000 0.000 1.000
66.641 -213.857 480.000 0.000 0.000 1.000
79.431 -209.444 480.000 0.000 0.000 1.000
91.932 -204.266 480.000 0.000 0.000 1.000
104.098 -198.342 480.000 0.000 0.000 1.000
115.884 -191.695 480.000 0.000 0.000 1.000
127.247 -184.348 480.000 0.000 0.000 1.000
138.145 -176.329 480.000 0.000 0.000 1.000
148.539 -167.666 480.000 0.000 0.000 1.000
158.392 -158.392 480.000 0.000 0.000 1.000
167.666 -148.539 480.000 0.000 0.000 1.000
176.329 -138.145 480.000 0.000 0.000 1.000
184.348 -127.247 480.000 0.000 0.000 1.000
191.695 -115.884 480.000 0.000 0.000 1.000
198.342 -104.098 480.000 0.000 0.000 1.000
204.266 -91.932 480.000 0.000 0.000 1.000
209.444 -79.431 480.000 0.000 0.000 1.000
213.857 -66.641 480.000 0.000 0.000 1.000
217.491 -53.607 480.000 0.000 0.000 1.000
220.331 -40.377 480.000 0.000 0.000 1.000
222.367 -27.000 480.000 0.000 0.000 1.000
223.591 -13.525 480.000 0.000 0.000 1.000
224.000 0.000 560.000 0.000 0.000 1.000
223.591 13.525 560.000 0.000 0.000 1.000
222.367 27.000 560.000 0.000 0.000 1.000
220.331 40.377 560.000 0.000 0.000 1.000
217.491 53.607 560.000 0.000 0.000 1.000
213.857 66.641 560.000 0.000 0.000 1.000
209.444 79.431 560.000 0.000 0.000 1.000
204.266 91.932 560.000 0.000 0.000 1.000
198.342 104.098 560.000 0.000 0.000 1.000
191.695 115.884 560.000 0.000 0.000 1.000
184.348 127.247 560.000 0.000 0.000 1.000
176.329 138.145 560.000 0.000 0.000 1.000
167.666 148.539 560.000 0.000 0.000 1.000
158.392 158.392 560.000 0.000 0.000 1.000
148.539 167.666 560.000 0.000 0.000 1.000
138.145 176.329 560.000 0.000 0.000 1.000
127.247 184.348 560.000 0.000 0.000 1.000
115.884 191.695 560.000 0.000 0.000 1.000
104.098 198.342 560.000 0.000 0.000 1.000
91.932 204.266 560.000 0.000 0.000 1.000
79.431 209.444 560.000 0.000 0.000 1.000
66.641 213.857 560.000 0.000 0.000 1.000
53.607 217.491 560.000 0.000 0.000 1.000
40.377 220.331 560.000 0.000 0.000 1.000
27.000 222.367 560.000 0.000 0.000 1.000
13.525 223.591 560.000 0.000 0.000 1.000
0.000 224.000 560.000 0.000 0.000 1.000
-13.525 223.591 560.000 0.000 0.000 1.000
-27.000 222.367 560.000 0.000 0.000 1.000
-40.377 220.331 560.000 0.000 0.000 1.000
-53.607 217.491 560.000 0.000 0.000 1.000
-66.641 213.857 560.000 0.000 0.000 1.000
-79.431 209.444 560.000 0.000 0.000 1.000
-91.932 204.266 560.000 0.000 0.000 1.000
-104.098 198.342 560.000 0.000 0.000 1.000
-115.884 191.695 560.000 0.000 0.000 1.000
-127.247 184.348 560.000 0.000 0.000 1.000
-138.145 176.329 560.000 0.000 0.000 1.000
-148.539 167.666 560.000 0.000 0.000 1.000
-158.392 158.392 560.000 0.000 0.000 1.000
-167.666 148.539 560.000 0.000 0.000 1.000
-176.329 138.145 560.000 0.000 0.000 1.000
-184.348 127.247 560.000 0.000 0.000 1.000
-191.695 115.884 560.000 0.000 0.000 1.000
-198.342 104.098 560.000 0.000 0.000 1.000
-204.266 91.932 560.000 0.000 0.000 1.000
-209.444 79.431 560.000 0.000 0.000 1.000
-213.857 66.641 560.000 0.000 0.000 1.000
-217.491 53.607 560.000 0.000 0.000 1.000
-220.331 40.377 560.000 0.000 0.000 1.000
-222.367 27.000 560.000 0.000 0.000 1.000
-223.591 13.525 560.000 0.000 0.000 1.000
-224.000 0.000 560.000 0.000 0.000 1.000
-223.591 -13.525 560.000 0.000 0.000 1.000
-222.367 -27.000 560.000 0.000 0.000 1.000
-220.331 -40.377 560.000 0.000 0.000 1.000
-217.491 -53.607 560.000 0.000 0.000 1.000
-213.857 -66.641 560.000 0.000 0.000 1.000
-209.444 -79.431 560.000 0.000 0.000 1.000
-204.266 -91.932 560.000 0.000 0.000 1.000
-198.342 -104.098 560.000 0.000 0.000 1.000
-191.695 -115.884 560.000 0.000 0.000 1.000
-184.348 -127.247 560.000 0.000 0.000 1.000
-176.329 -138.145 560.000 0.000 0.000 1.000
-167.666 -148.539 560.000 0.000 0.000 1.000
-158.392 -158.392 560.000 0.000 0.000 1.000
-148.539 -167.666 560.000 0.000 0.000 1.000
-138.145 -176.329 560.000 0.000 0.000 1.000
-127.247 -184.348 560.000 0.000 0.000 1.000
-115.884 -191.695 560.000 0.000 0.000 1.000
-104.098 -198.342 560.000 0.000 0.000 1.000
-91.932 -204.266 560.000 0.000 0.000 1.000
-79.431 -209.444 560.000 0.000 0.000 1.000
-66.641 -213.857 560.000 0.000 0.000 1.000
-53.607 -217.491 560.000 0.000 0.000 1.000
-40.377 -220.331 560.000 0.000 0.000 1.000
-27.000 -222.367 560.000 0.000 0.000 1.000
-13.525 -223.591 560.000 0.000 0.000 1.000
-0.000 -224.000 560.000 0.000 0.000 1.000
13.525 -223.591 560.000 0.000 0.000 1.000
27.000 -222.367 560.000 0.000 0.000 1.000
40.377 -220.331 560.000 0.000 0.000 1.000
53.607 -217.491 560.000 0.000 0.000 1.000
66.641 -213.857 560.000 0.000 0.000 1.000
79.431 -209.444 560.000 0.000 0.000 1.000
91.932 -204.266 560.000 0.000 0.000 1.000
104.098 -198.342 560.000 0.000 0.000 1.000
115.884 -191.695 560.000 0.000 0.000 1.000
127.247 -184.348 560.000 0.000 0.000 1.000
138.145 -176.329 560.000 0.000 0.000 1.000
148.539 -167.666 560.000 0.000 0.000 1.000
158.392 -158.392 560.000 0.000 0.000 1.000
167.666 -148.539 560.000 0.000 0.000 1.000
176.329 -138.145 560.000 0.000 0.000 1.000
184.348 -127.247 560.000 0.000 0.000 1.000
191.695 -115.884 560.000 0.000 0.000 1.000
198.342 -104.098 560.000 0.000 0.000 1.000
204.266 -91.932 560.000 0.000 0.000 1.000
209.444 -79.431 560.000 0.000 0.000 1.000
213.857 -66.641 560.000 0.000 0.000 1.000
217.491 -53.607 560.000 0.000 0.000 1.000
220.331 -40.377 560.000 0.000 0.000 1.000
222.367 -27.000 560.000 0.000 0.000 1.000
223.591 -13.525 560.000 0.000 0.000 1.000
224.000 0.000 640.000 0.000 0.000 1.000
223.591 13.525 640.000 0.000 0.000 1.000
222.367 27.000 640.000 0.000 0.000 1.000
220.331 40.377 640.000 0.000 0.000 1.000
217.491 53.607 640.000 0.000 0.000 1.000
213.857 66.641 640.000 0.000 0.000 1.000
209.444 79.431 640.000 0.000 0.000 1.000
204.266 91.932 640.000 0.000 0.000 1.000
198.342 104.098 640.000 0.000 0.000 1.000
191.695 115.884 640.000 0.000 0.000 1.000
184.348 127.247 640.000 0.000 0.000 1.000
176.329 138.145 640.000 0.000 0.000 1.000
167.666 148.539 640.000 0.000 0.000 1.000
158.392 158.392 640.000 0.000 0.000 1.000
148.539 167.666 640.000 0.000 0.000 1.000
138.145 176.329 640.000 0.000 0.000 1.000
127.247 184.348 640.000 0.000 0.000 1.000
115.884 191.695 640.000 0.000 0.000 1.000
104.098 198.342 640.000 0.000 0.000 1.000
91.932 204.266 640.000 0.000 0.000 1.000
79.431 209.444 640.000 0.000 0.000 1.000
66.641 213.857 640.000 0.000 0.000 1.000
53.607 217.491 640.000 0.000 0.000 1.000
40.377 220.331 640.000 0.000 0.000 1.000
27.000 222.367 640.000 0.000 0.000 1.000
13.525 223.591 640.000 0.000 0.000 1.000
0.000 224.000 640.000 0.000 0.000 1.000
-13.525 223.591 640.000 0.000 0.000 1.000
-27.000 222.367 640.000 0.000 0.000 1.000
-40.377 220.331 640.000 0.000 0.000 1.000
-53.607 217.491 640.000 0.000 0.000 1.000
-66.641 213.857 640.000 0.000 0.000 1.000
-79.431 209.444 640.000 0.000 0.000 1.000
-91.932 204.266 640.000 0.000 0.000 1.000
-104.098 198.342 640.000 0.000 0.000 1.000
-115.884 191.695 640.000 0.000 0.000 1.000
-127.247 184.348 640.000 0.000 0.000 1.000
-138.145 176.329 640.000 0.000 0.000 1.000
-148.539 167.666 640.000 0.000 0.000 1.000
-158.392 158.392 640.000 0.000 0.000 1.000
-167.666 148.539 640.000 0.000 0.000 1.000
-176.329 138.145 640.000 0.000 0.000 1.000
-184.348 127.247 640.000 0.000 0.000 1.000
-191.695 115.884 640.000 0.000 0.000 1.000
-198.342 104.098 640.000 0.000 0.000 1.000
-204.266 91.932 640.000 0.000 0.000 1.000
-209.444 79.431 640.000 0.000 0.000 1.000
-213.857 66.641 640.000 0.000 0.000 1.000
-217.491 53.607 640.000 0.000 0.000 1.000
-220.331 40.377 640.000 0.000 0.000 1.000
-222.367 27.000 640.000 0.000 0.000 1.000
-223.591 13.525 640.000 0.000 0.000 1.000
-224.000 0.000 640.000 0.000 0.000 1.000
-223.591 -13.525 640.000 0.000 0.000 1.000
-222.367 -27.000 640.000 0.000 0.000 1.000
-220.331 -40.377 640.000 0.000 0.000 1.000
-217.491 -53.607 640.000 0.000 0.000 1.000
-213.857 -66.641 640.000 0.000 0.000 1.000
-209.444 -79.431 640.000 0.000 0.000 1.000
-204.266 -91.932 640.000 0.000 0.000 1.000
-198.342 -104.098 640.000 0.000 0.000 1.000
-191.695 -115.884 640.000 0.000 0.000 1.000
-184.348 -127.247 640.000 0.000 0.000 1.000
-176.329 -138.145 640.000 0.000 0.000 1.000
-167.666 -148.539 640.000 0.000 0.000 1.000
-158.392 -158.392 640.000 0.000 0.000 1.000
-148.539 -167.666 640.000 0.000 0.000 1.000
-138.145 -176.329 640.000 0.000 0.000 1.000
-127.247 -184.348 640.000 0.000 0.000 1.000
-115.884 -191.695 640.000 0.000 0.000 1.000
-104.098 -198.342 640.000 0.000 0.000 1.000
-91.932 -204.266 640.000 0.000 0.000 1.000
-79.431 -209.444 640.000 0.000 0.000 1.000
-66.641 -213.857 640.000 0.000 0.000 1.000
-53.607 -217.491 640.000 0.000 0.000 1.000
-40.377 -220.331 640.000 0.000 0.000 1.000
-27.000 -222.367 640.000 0.000 0.000 1.000
-13.525 -223.591 640.000 0.000 0.000 1.000
-0.000 -224.000 640.000 0.000 0.000 1.000
13.525 -223.591 640.000 0.000 0.000 1.000
27.000 -222.367 640.000 0.000 0.000 1.000
40.377 -220.331 640.000 0.000 0.000 1.000
53.607 -217.491 640.000 0.000 0.000 1.000
66.641 -213.857 640.000 0.000 0.000 1.000
79.431 -209.444 640.000 0.000 0.000 1.000
91.932 -204.266 640.000 0.000 0.000 1.000
104.098 -198.342 640.000 0.000 0.000 1.000
115.884 -191.695 640.000 0.000 0.000 1.000
127.247 -184.348 640.000 0.000 0.000 1.000
138.145 -176.329 640.000 0.000 0.000 1.000
148.539 -167.666 640.000 0.000 0.000 1.000
158.392 -158.392 640.000 0.000 0.000 1.000
167.666 -148.539 640.000 0.000 0.000 1.000
176.329 -138.145 640.000 0.000 0.000 1.000
184.348 -127.247 640.000 0.000 0.000 1.000
191.695 -115.884 640.000 0.000 0.000 1.000
198.342 -104.098 640.000 0.000 0.000 1.000
204.266 -91.932 640.000 0.000 0.000 1.000
209.444 -79.431 640.000 0.000 0.000 1.000
213.857 -66.641 640.000 0.000 0.000 1.000
217.491 -53.607 640.000 0.000 0.000 1.000
220.331 -40.377 640.000 0.000 0.000 1.000
222.367 -27.000 640.000 0.000 0.000 1.000
223.591 -13.525 640.000 0.000 0.000 1.000
224.000 0.000 720.000 0.000 0.000 1.000
223.591 13.525 720.000 0.000 0.000 1.000
222.367 27.000 720.000 0.000 0.000 1.000
220.331 40.377 720.000 0.000 0.000 1.000
217.491 53.607 720.000 0.000 0.000 1.000
213.857 66.641 720.000 0.000 0.000 1.000
209.444 79.431 720.000 0.000 0.000 1.000
204.266 91.932 720.000 0.000 0.000 1.000
198.342 104.098 720.000 0.000 0.000 1.000
191.695 115.884 720.000 0.000 0.000 1.000
184.348 127.247 720.000 0.000 0.000 1.000
176.329 138.145 720.000 0.000 0.000 1.000
167.666 148.539 720.000 0.000 0.000 1.000
158.392 158.392 720.000 0.000 0.000 1.000
148.539 167.666 720.000 0.000 0.000 1.000
138.145 176.329 720.000 0.000 0.000 1.000
127.247 184.348 720.000 0.000 0.000 1.000
115.884 191.695 720.000 0.000 0.000 1.000
104.098 198.342 720.000 0.000 0.000 1.000
91.932 204.266 720.000 0.000 0.000 1.000
79.431 209.444 720.000 0.000 0.000 1.000
66.641 213.857 720.000 0.000 0.000 1.000
53.607 217.491 720.000 0.000 0.000 1.000
40.377 220.331 720.000 0.000 0.000 1.000
27.000 222.367 720.000 0.000 0.000 1.000
13.525 223.591 720.000 0.000 0.000 1.000
0.000 224.000 720.000 0.000 0.000 1.000
-13.525 223.591 720.000 0.000 0.000 1.000
-27.000 222.367 720.000 0.000 0.000 1.000
-40.377 220.331 720.000 0.000 0.000 1.000
-53.607 217.491 720.000 0.000 0.000 1.000
-66.641 213.857 720.000 0.000 0.000 1.000
-79.431 209.444 720.000 0.000 0.000 1.000
-91.932 204.266 720.000 0.000 0.000 1.000
-104.098 198.342 720.000 0.000 0.000 1.000
-115.884 191.695 720.000 0.000 0.000 1.000
-127.247 184.348 720.000 0.000 0.000 1.000
-138.145 176.329 720.000 0.000 0.000 1.000
-148.539 167.666 720.000 0.000 0.000 1.000
-158.392 158.392 720.000 0.000 0.000 1.000
-167.666 148.539 720.000 0.000 0.000 1.000
-176.329 138.145 720.000 0.000 0.000 1.000
-184.348 127.247 720.000 0.000 0.000 1.000
-191.695 115.884 720.000 0.000 0.000 1.000
-198.342 104.098 720.000 0.000 0.000 1.000
-204.266 91.932 720.000 0.000 0.000 1.000
-209.444 79.431 720.000 0.000 0.000 1.000
-213.857 66.641 720.000 0.000 0.000 1.000
-217.491 53.607 720.000 0.000 0.000 1.000
-220.331 40.377 720.000 0.000 0.000 1.000
-222.367 27.000 720.000 0.000 0.000 1.000
-223.591 13.525 720.000 0.000 0.000 1.000
-224.000 0.000 720.000 0.000 0.000 1.000
-223.591 -13.525 720.000 0.000 0.000 1.000
-222.367 -27.000 720.000 0.000 0.000 1.000
-220.331 -40.377 720.000 0.000 0.000 1.000
-217.491 -53.607 720.000 0.000 0.000 1.000
-213.857 -66.641 720.000 0.000 0.000 1.000
-209.444 -79.431 720.000 0.000 0.000 1.000
-204.266 -91.932 720.000 0.000 0.000 1.000
-198.342 -104.098 720.000 0.000 0.000 1.000
-191.695 -115.884 720.000 0.000 0.000 1.000
-184.348 -127.247 720.000 0.000 0.000 1.000
-176.329 -138.145 720.000 0.000 0.000 1.000
-167.666 -148.539 720.000 0.000 0.000 1.000
-158.392 -158.392 720.000 0.000 0.000 1.000
-148.539 -167.666 720.000 0.000 0.000 1.000
-138.145 -176.329 720.000 0.000 0.000 1.000
-127.247 -184.348 720.000 0.000 0.000 1.000
-115.884 -191.695 720.000 0.000 0.000 1.000
-104.098 -198.342 720.000 0.000 0.000 1.000
-91.932 -204.266 720.000 0.000 0.000 1.000
-79.431 -209.444 720.000 0.000 0.000 1.000
-66.641 -213.857 720.000 0.000 0.000 1.000
-53.607 -217.491 720.000 0.000 0.000 1.000
-40.377 -220.331 720.000 0.000 0.000 1.000
-27.000 -222.367 720.000 0.000 0.000 1.000
-13.525 -223.591 720.000 0.000 0.000 1.000
-0.000 -224.000 720.000 0.000 0.000 1.000
13.525 -223.591 720.000 0.000 0.000 1.000
27.000 -222.367 720.000 0.000 0.000 1.000
40.377 -220.331 720.000 0.000 0.000 1.000
53.607 -217.491 720.000 0.000 0.000 1.000
66.641 -213.857 720.000 0.000 0.000 1.000
79.431 -209.444 720.000 0.000 0.000 1.000
91.932 -204.266 720.000 0.000 0.000 1.000
104.098 -198.342 720.000 0.000 0.000 1.000
115.884 -191.695 720.000 0.000 0.000 1.000
127.247 -184.348 720.000 0.000 0.000 1.000
138.145 -176.329 720.000 0.000 0.000 1.000
148.539 -167.666 720.000 0.000 0.000 1.000
158.392 -158.392 720.000 0.000 0.000 1.000
167.666 -148.539 720.000 0.000 0.000 1.000
176.329 -138.145 720.000 0.000 0.000 1.000
184.348 -127.247 720.000 0.000 0.000 1.000
191.695 -115.884 720.000 0.000 0.000 1.000
198.342 -104.098 720.000 0.000 0.000 1.000
204.266 -91.932 720.000 0.000 0.000 1.000
209.444 -79.431 720.000 0.000 0.000 1.000
213.857 -66.641 720.000 0.000 0.000 1.000
217.491 -53.607 720.000 0.000 0.000 1.000
220.331 -40.377 720.000 0.000 0.000 1.000
222.367 -27.000 720.000 0.000 0.000 1.000
223.591 -13.525 720.000 0.000 0.000 1.000
