39.057 102.340 17.914 -0.016 -0.505 0.863
53.331 124.320 -5.603 -0.684 0.479 -0.551
36.453 120.755 -1.143 0.989 0.148 0.014
12.616 122.179 8.460 -0.191 -0.246 -0.950
-2.378 103.177 17.996 -0.701 0.659 -0.272
-13.691 123.677 9.912 0.655 -0.709 -0.262
13.384 124.312 -6.704 -0.539 -0.024 -0.842
-28.566 122.161 8.523 -0.186 -0.240 -0.953
48.057 98.945 -31.694 -0.016 -0.046 0.999
62.331 107.479 -62.731 -0.684 0.168 -0.710
45.453 106.394 -57.127 0.989 0.138 -0.056
21.616 112.118 -49.284 -0.192 -0.659 -0.727
6.622 99.724 -32.010 -0.701 0.457 -0.547
-4.691 114.119 -48.695 0.655 -0.749 0.097
22.384 106.960 -63.702 -0.539 -0.413 -0.734
-19.566 112.130 -49.220 -0.187 -0.655 -0.732
129.057 -5.489 103.751 -0.017 -0.918 -0.397
143.331 20.498 122.746 -0.684 0.604 0.409
126.453 15.643 119.743 0.989 0.004 0.149
102.615 6.280 122.310 -0.191 0.914 -0.358
87.622 -5.470 104.592 -0.701 0.350 0.622
76.309 5.019 123.972 0.655 0.174 -0.735
103.384 21.590 122.606 -0.539 0.833 -0.125
61.434 6.215 122.299 -0.186 0.917 -0.352
680.057 -53.073 89.319 -0.016 -0.628 -0.778
694.331 -38.889 118.214 -0.684 0.345 0.643
677.453 -41.792 113.298 0.989 -0.066 0.133
653.615 -51.276 111.221 -0.191 0.976 0.107
638.622 -53.447 90.072 -0.701 0.021 0.713
627.309 -53.165 112.107 0.655 0.496 -0.570
654.384 -37.856 118.597 -0.539 0.796 0.276
612.434 -51.328 111.181 -0.186 0.976 0.114
689.057 -5.489 103.751 -0.017 -0.918 -0.397
703.331 20.498 122.746 -0.684 0.604 0.409
686.453 15.643 119.743 0.989 0.004 0.149
662.615 6.280 122.310 -0.191 0.914 -0.358
647.622 -5.470 104.592 -0.701 0.350 0.622
636.309 5.019 123.972 0.655 0.174 -0.735
663.384 21.590 122.606 -0.539 0.833 -0.125
621.434 6.215 122.299 -0.186 0.917 -0.352
698.057 43.351 94.420 -0.016 -0.997 0.074
712.331 75.189 99.164 -0.684 0.725 0.081
695.453 69.494 98.761 0.989 0.073 0.130
671.615 62.397 105.385 -0.191 0.642 -0.742
656.622 43.758 95.156 -0.701 0.598 0.388
645.309 62.053 107.442 0.655 -0.187 -0.732
672.384 76.091 98.532 -0.539 0.679 -0.498
630.434 62.334 105.405 -0.187 0.648 -0.738
707.057 82.262 63.462 -0.017 -0.848 0.529
721.331 112.659 52.867 -0.684 0.680 -0.264
704.453 107.428 55.157 0.989 0.125 0.081
680.615 104.221 64.321 -0.191 0.224 -0.956
665.622 82.965 63.924 -0.701 0.710 0.066
654.309 104.873 66.303 0.655 -0.506 -0.561
681.384 113.163 51.889 -0.539 0.370 -0.756
639.434 104.175 64.368 -0.187 0.231 -0.955
679.057 102.340 17.914 -0.016 -0.505 0.863
693.331 124.320 -5.603 -0.684 0.479 -0.551
676.453 120.755 -1.143 0.989 0.148 0.014
652.615 122.179 8.460 -0.191 -0.246 -0.950
637.622 103.177 17.996 -0.701 0.659 -0.272
626.309 123.677 9.912 0.655 -0.709 -0.262
653.384 124.312 -6.704 -0.539 -0.024 -0.842
611.434 122.161 8.523 -0.186 -0.240 -0.953
688.057 98.945 -31.694 -0.016 -0.046 0.999
702.331 107.479 -62.731 -0.684 0.168 -0.710
685.453 106.394 -57.127 0.989 0.138 -0.056
661.615 112.118 -49.284 -0.192 -0.659 -0.727
646.622 99.724 -32.010 -0.701 0.457 -0.547
635.309 114.119 -48.695 0.655 -0.749 0.097
662.384 106.960 -63.702 -0.539 -0.413 -0.734
620.434 112.130 -49.220 -0.187 -0.655 -0.732
697.057 72.885 -74.042 -0.017 0.424 0.906
711.331 66.019 -105.490 -0.684 -0.181 -0.707
694.453 67.663 -100.024 0.989 0.095 -0.114
670.615 76.376 -95.739 -0.191 -0.922 -0.337
655.622 73.427 -74.684 -0.701 0.150 -0.697
644.309 78.421 -96.148 0.655 -0.618 0.434
671.384 65.108 -106.110 -0.539 -0.707 -0.458
629.434 76.417 -95.689 -0.187 -0.920 -0.344
706.057 30.132 -99.431 -0.017 0.796 0.605
720.331 9.438 -124.088 -0.684 -0.489 -0.542
703.453 13.434 -120.011 0.989 0.032 -0.145
679.615 23.140 -120.266 -0.191 -0.973 0.130
664.622 30.313 -100.252 -0.701 -0.190 -0.687
653.309 24.761 -121.578 0.655 -0.345 0.672
680.384 8.345 -124.213 -0.539 -0.839 -0.077
638.434 23.200 -120.240 -0.186 -0.975 0.123
715.057 -19.524 -102.046 -0.017 0.986 0.166
729.331 -49.305 -114.262 -0.684 -0.685 -0.253
712.453 -43.871 -112.510 0.989 -0.039 -0.143
688.615 -35.396 -117.245 -0.191 -0.801 0.567
673.622 -19.744 -102.857 -0.701 -0.488 -0.520
662.309 -34.570 -119.160 0.655 0.006 0.755
689.384 -50.331 -113.865 -0.539 -0.778 0.322
647.434 -35.331 -117.250 -0.186 -0.806 0.562
724.057 -64.707 -81.286 -0.017 0.950 -0.311
738.331 -96.755 -78.265 -0.684 -0.724 0.095
721.453 -91.129 -79.237 0.989 -0.102 -0.109
697.615 -85.825 -87.370 -0.191 -0.446 0.874
682.622 -65.279 -81.903 -0.701 -0.674 -0.234
671.309 -85.983 -89.450 0.655 0.357 0.666
698.384 -97.479 -77.436 -0.539 -0.540 0.647
656.434 -85.769 -87.404 -0.186 -0.452 0.872
138.057 43.351 94.420 -0.016 -0.997 0.074
152.331 75.189 99.164 -0.684 0.725 0.081
135.453 69.494 98.761 0.989 0.073 0.130
111.615 62.397 105.385 -0.191 0.642 -0.742
96.622 43.758 95.156 -0.701 0.598 0.388
85.309 62.053 107.442 0.655 -0.187 -0.732
112.384 76.091 98.532 -0.539 0.679 -0.498
70.434 62.334 105.405 -0.187 0.648 -0.738
733.057 -95.070 -41.908 -0.017 0.697 -0.717
747.331 -122.042 -24.341 -0.684 -0.597 0.420
730.453 -117.513 -27.816 0.989 -0.140 -0.049
706.615 -116.594 -37.482 -0.191 0.011 0.981
691.622 -95.862 -42.188 -0.701 -0.705 0.106
680.309 -117.703 -39.250 0.655 0.625 0.424
707.384 -122.298 -23.270 -0.539 -0.178 0.823
665.434 -116.562 -37.538 -0.187 0.005 0.982
742.057 -103.656 7.069 -0.017 0.284 -0.959
756.331 -119.376 35.159 -0.684 -0.334 0.649
739.453 -116.981 29.976 0.989 -0.147 0.022
715.615 -120.660 20.991 -0.191 0.466 0.864
700.622 -104.487 7.189 -0.701 -0.575 0.422
689.309 -122.462 19.940 0.655 0.751 0.085
716.384 -119.106 36.225 -0.539 0.225 0.812
674.434 -120.656 20.925 -0.186 0.460 0.868
751.057 -88.500 54.427 -0.017 -0.194 -0.981
765.331 -89.367 86.605 -0.684 0.006 0.730
748.453 -89.654 80.903 0.989 -0.120 0.088
724.615 -97.086 74.656 -0.191 0.814 0.549
709.622 -89.180 54.921 -0.701 -0.313 0.641
698.309 -99.171 74.562 0.655 0.704 -0.274
725.384 -88.632 87.423 -0.539 0.577 0.614
683.434 -97.114 74.596 -0.186 0.811 0.555
760.057 -53.073 89.319 -0.016 -0.628 -0.778
774.331 -38.889 118.214 -0.684 0.345 0.643
757.453 -41.792 113.298 0.989 -0.066 0.133
733.615 -51.276 111.221 -0.191 0.976 0.107
718.622 -53.447 90.072 -0.701 0.021 0.713
707.309 -53.165 112.107 0.655 0.496 -0.570
734.384 -37.856 118.597 -0.539 0.796 0.276
692.434 -51.328 111.181 -0.186 0.976 0.114
769.057 -5.489 103.751 -0.017 -0.918 -0.397
783.331 20.498 122.746 -0.684 0.604 0.409
766.453 15.643 119.743 0.989 0.004 0.149
742.615 6.280 122.310 -0.191 0.914 -0.358
727.622 -5.470 104.592 -0.701 0.350 0.622
716.309 5.019 123.972 0.655 0.174 -0.735
743.384 21.590 122.606 -0.539 0.833 -0.125
701.434 6.215 122.299 -0.186 0.917 -0.352
778.057 43.351 94.420 -0.016 -0.997 0.074
792.331 75.189 99.164 -0.684 0.725 0.081
775.453 69.494 98.761 0.989 0.073 0.130
751.615 62.397 105.385 -0.191 0.642 -0.742
736.622 43.758 95.156 -0.701 0.598 0.388
725.309 62.053 107.442 0.655 -0.187 -0.732
752.384 76.091 98.532 -0.539 0.679 -0.498
710.434 62.334 105.405 -0.187 0.648 -0.738
787.057 82.262 63.462 -0.017 -0.848 0.529
801.331 112.659 52.867 -0.684 0.680 -0.264
784.453 107.428 55.157 0.989 0.125 0.081
760.615 104.221 64.321 -0.191 0.224 -0.956
745.622 82.965 63.924 -0.701 0.710 0.066
734.309 104.873 66.303 0.655 -0.506 -0.561
761.384 113.163 51.889 -0.539 0.370 -0.756
719.434 104.175 64.368 -0.187 0.231 -0.955
147.057 82.262 63.462 -0.017 -0.848 0.529
161.331 112.659 52.867 -0.684 0.680 -0.264
144.453 107.428 55.157 0.989 0.125 0.081
120.615 104.221 64.321 -0.191 0.224 -0.956
105.622 82.965 63.924 -0.701 0.710 0.066
94.309 104.873 66.303 0.655 -0.506 -0.561
121.384 113.163 51.889 -0.539 0.370 -0.756
79.434 104.175 64.368 -0.187 0.231 -0.955
119.057 102.340 17.914 -0.016 -0.505 0.863
133.331 124.320 -5.603 -0.684 0.479 -0.551
116.453 120.755 -1.143 0.989 0.148 0.014
92.615 122.179 8.460 -0.191 -0.246 -0.950
77.622 103.177 17.996 -0.701 0.659 -0.272
66.309 123.677 9.912 0.655 -0.709 -0.262
93.384 124.312 -6.704 -0.539 -0.024 -0.842
51.434 122.161 8.523 -0.186 -0.240 -0.953
128.057 98.945 -31.694 -0.016 -0.046 0.999
142.331 107.479 -62.731 -0.684 0.168 -0.710
125.453 106.394 -57.127 0.989 0.138 -0.056
101.615 112.118 -49.284 -0.192 -0.659 -0.727
86.622 99.724 -32.010 -0.701 0.457 -0.547
75.309 114.119 -48.695 0.655 -0.749 0.097
102.384 106.960 -63.702 -0.539 -0.413 -0.734
60.434 112.130 -49.220 -0.187 -0.655 -0.732
137.057 72.885 -74.042 -0.017 0.424 0.906
151.331 66.019 -105.490 -0.684 -0.181 -0.707
134.453 67.663 -100.024 0.989 0.095 -0.114
110.615 76.376 -95.739 -0.191 -0.922 -0.337
95.622 73.427 -74.684 -0.701 0.150 -0.697
84.309 78.421 -96.148 0.655 -0.618 0.434
111.384 65.108 -106.110 -0.539 -0.707 -0.458
69.434 76.417 -95.689 -0.187 -0.920 -0.344
146.057 30.132 -99.431 -0.017 0.796 0.605
160.331 9.438 -124.088 -0.684 -0.489 -0.542
143.453 13.434 -120.011 0.989 0.032 -0.145
119.615 23.140 -120.266 -0.191 -0.973 0.130
104.622 30.313 -100.252 -0.701 -0.190 -0.687
93.309 24.761 -121.578 0.655 -0.345 0.672
120.384 8.345 -124.213 -0.539 -0.839 -0.077
78.434 23.200 -120.240 -0.186 -0.975 0.123
155.057 -19.524 -102.046 -0.017 0.986 0.166
169.331 -49.305 -114.262 -0.684 -0.685 -0.253
152.453 -43.871 -112.510 0.989 -0.039 -0.143
128.615 -35.396 -117.245 -0.191 -0.801 0.567
113.622 -19.744 -102.857 -0.701 -0.488 -0.520
102.309 -34.570 -119.160 0.655 0.006 0.755
129.384 -50.331 -113.865 -0.539 -0.778 0.322
87.434 -35.331 -117.250 -0.186 -0.806 0.562
164.057 -64.707 -81.286 -0.017 0.950 -0.311
178.331 -96.755 -78.265 -0.684 -0.724 0.095
161.453 -91.129 -79.237 0.989 -0.102 -0.109
137.615 -85.825 -87.370 -0.191 -0.446 0.874
122.622 -65.279 -81.903 -0.701 -0.674 -0.234
111.309 -85.983 -89.450 0.655 0.357 0.666
138.384 -97.479 -77.436 -0.539 -0.540 0.647
96.434 -85.769 -87.404 -0.186 -0.452 0.872
173.057 -95.070 -41.908 -0.017 0.697 -0.717
187.331 -122.042 -24.341 -0.684 -0.597 0.420
170.453 -117.513 -27.816 0.989 -0.140 -0.049
146.615 -116.594 -37.482 -0.191 0.011 0.981
131.622 -95.862 -42.188 -0.701 -0.705 0.106
120.309 -117.703 -39.250 0.655 0.625 0.424
147.384 -122.298 -23.270 -0.539 -0.178 0.823
105.434 -116.562 -37.538 -0.187 0.005 0.982
57.057 72.885 -74.042 -0.017 0.424 0.906
71.331 66.019 -105.490 -0.684 -0.181 -0.707
54.453 67.663 -100.024 0.989 0.095 -0.114
30.616 76.376 -95.739 -0.191 -0.922 -0.337
15.622 73.427 -74.684 -0.701 0.150 -0.697
4.309 78.421 -96.148 0.655 -0.618 0.434
31.384 65.108 -106.110 -0.539 -0.707 -0.458
-10.566 76.417 -95.689 -0.187 -0.920 -0.344
182.057 -103.656 7.069 -0.017 0.284 -0.959
196.331 -119.376 35.159 -0.684 -0.334 0.649
179.453 -116.981 29.976 0.989 -0.147 0.022
155.615 -120.660 20.991 -0.191 0.466 0.864
140.622 -104.487 7.189 -0.701 -0.575 0.422
129.309 -122.462 19.940 0.655 0.751 0.085
156.384 -119.106 36.225 -0.539 0.225 0.812
114.434 -120.656 20.925 -0.186 0.460 0.868
191.057 -88.500 54.427 -0.017 -0.194 -0.981
205.331 -89.367 86.605 -0.684 0.006 0.730
188.453 -89.654 80.903 0.989 -0.120 0.088
164.615 -97.086 74.656 -0.191 0.814 0.549
149.622 -89.180 54.921 -0.701 -0.313 0.641
138.309 -99.171 74.562 0.655 0.704 -0.274
165.384 -88.632 87.423 -0.539 0.577 0.614
123.434 -97.114 74.596 -0.186 0.811 0.555
200.057 -53.073 89.319 -0.016 -0.628 -0.778
214.331 -38.889 118.214 -0.684 0.345 0.643
197.453 -41.792 113.298 0.989 -0.066 0.133
173.615 -51.276 111.221 -0.191 0.976 0.107
158.622 -53.447 90.072 -0.701 0.021 0.713
147.309 -53.165 112.107 0.655 0.496 -0.570
174.384 -37.856 118.597 -0.539 0.796 0.276
132.435 -51.328 111.181 -0.186 0.976 0.114
209.057 -5.489 103.751 -0.017 -0.918 -0.397
223.331 20.498 122.746 -0.684 0.604 0.409
206.453 15.643 119.743 0.989 0.004 0.149
182.615 6.280 122.310 -0.191 0.914 -0.358
167.622 -5.470 104.592 -0.701 0.350 0.622
156.309 5.019 123.972 0.655 0.174 -0.735
183.384 21.590 122.606 -0.539 0.833 -0.125
141.435 6.215 122.299 -0.186 0.917 -0.352
218.057 43.351 94.420 -0.016 -0.997 0.074
232.331 75.189 99.164 -0.684 0.725 0.081
215.453 69.494 98.761 0.989 0.073 0.130
191.615 62.397 105.385 -0.191 0.642 -0.742
176.622 43.758 95.156 -0.701 0.598 0.388
165.309 62.053 107.442 0.655 -0.187 -0.732
192.384 76.091 98.532 -0.539 0.679 -0.498
150.435 62.334 105.405 -0.187 0.648 -0.738
227.057 82.262 63.462 -0.017 -0.848 0.529
241.331 112.659 52.867 -0.684 0.680 -0.264
224.453 107.428 55.157 0.989 0.125 0.081
200.615 104.221 64.321 -0.191 0.224 -0.956
185.622 82.965 63.924 -0.701 0.710 0.066
174.309 104.873 66.303 0.655 -0.506 -0.561
201.384 113.163 51.889 -0.539 0.370 -0.756
159.435 104.175 64.368 -0.187 0.231 -0.955
199.057 102.340 17.914 -0.016 -0.505 0.863
213.331 124.320 -5.603 -0.684 0.479 -0.551
196.453 120.755 -1.143 0.989 0.148 0.014
172.615 122.179 8.460 -0.191 -0.246 -0.950
157.622 103.177 17.996 -0.701 0.659 -0.272
146.309 123.677 9.912 0.655 -0.709 -0.262
173.384 124.312 -6.704 -0.539 -0.024 -0.842
131.435 122.161 8.523 -0.186 -0.240 -0.953
208.057 98.945 -31.694 -0.016 -0.046 0.999
222.331 107.479 -62.731 -0.684 0.168 -0.710
205.453 106.394 -57.127 0.989 0.138 -0.056
181.615 112.118 -49.284 -0.192 -0.659 -0.727
166.622 99.724 -32.010 -0.701 0.457 -0.547
155.309 114.119 -48.695 0.655 -0.749 0.097
182.384 106.960 -63.702 -0.539 -0.413 -0.734
140.435 112.130 -49.220 -0.187 -0.655 -0.732
217.057 72.885 -74.042 -0.017 0.424 0.906
231.331 66.019 -105.490 -0.684 -0.181 -0.707
214.453 67.663 -100.024 0.989 0.095 -0.114
190.615 76.376 -95.739 -0.191 -0.922 -0.337
175.622 73.427 -74.684 -0.701 0.150 -0.697
164.309 78.421 -96.148 0.655 -0.618 0.434
191.384 65.108 -106.110 -0.539 -0.707 -0.458
149.435 76.417 -95.689 -0.187 -0.920 -0.344
226.057 30.132 -99.431 -0.017 0.796 0.605
240.331 9.438 -124.088 -0.684 -0.489 -0.542
223.453 13.434 -120.011 0.989 0.032 -0.145
199.615 23.140 -120.266 -0.191 -0.973 0.130
184.622 30.313 -100.252 -0.701 -0.190 -0.687
173.309 24.761 -121.578 0.655 -0.345 0.672
200.384 8.345 -124.213 -0.539 -0.839 -0.077
158.435 23.200 -120.240 -0.186 -0.975 0.123
66.057 30.132 -99.431 -0.017 0.796 0.605
80.331 9.438 -124.088 -0.684 -0.489 -0.542
63.453 13.434 -120.011 0.989 0.032 -0.145
39.615 23.140 -120.266 -0.191 -0.973 0.130
24.622 30.313 -100.252 -0.701 -0.190 -0.687
13.309 24.761 -121.578 0.655 -0.345 0.672
40.384 8.345 -124.213 -0.539 -0.839 -0.077
-1.566 23.200 -120.240 -0.186 -0.975 0.123
235.057 -19.524 -102.046 -0.017 0.986 0.166
249.331 -49.305 -114.262 -0.684 -0.685 -0.253
232.453 -43.871 -112.510 0.989 -0.039 -0.143
208.615 -35.396 -117.245 -0.191 -0.801 0.567
193.622 -19.744 -102.857 -0.701 -0.488 -0.520
182.309 -34.570 -119.160 0.655 0.006 0.755
209.384 -50.331 -113.865 -0.539 -0.778 0.322
167.435 -35.331 -117.250 -0.186 -0.806 0.562
244.057 -64.707 -81.286 -0.017 0.950 -0.311
258.331 -96.755 -78.265 -0.684 -0.724 0.095
241.453 -91.129 -79.237 0.989 -0.102 -0.109
217.615 -85.825 -87.370 -0.191 -0.446 0.874
202.622 -65.279 -81.903 -0.701 -0.674 -0.234
191.309 -85.983 -89.450 0.655 0.357 0.666
218.384 -97.479 -77.436 -0.539 -0.540 0.647
176.435 -85.769 -87.404 -0.186 -0.452 0.872
253.057 -95.070 -41.908 -0.017 0.697 -0.717
267.331 -122.042 -24.341 -0.684 -0.597 0.420
250.453 -117.513 -27.816 0.989 -0.140 -0.049
226.615 -116.594 -37.482 -0.191 0.011 0.981
211.622 -95.862 -42.188 -0.701 -0.705 0.106
200.309 -117.703 -39.250 0.655 0.625 0.424
227.384 -122.298 -23.270 -0.539 -0.178 0.823
185.435 -116.562 -37.538 -0.187 0.005 0.982
262.057 -103.656 7.069 -0.017 0.284 -0.959
276.331 -119.376 35.159 -0.684 -0.334 0.649
259.453 -116.981 29.976 0.989 -0.147 0.022
235.615 -120.660 20.991 -0.191 0.466 0.864
220.622 -104.487 7.189 -0.701 -0.575 0.422
209.309 -122.462 19.940 0.655 0.751 0.085
236.384 -119.106 36.225 -0.539 0.225 0.812
194.435 -120.656 20.925 -0.186 0.460 0.868
271.057 -88.500 54.427 -0.017 -0.194 -0.981
285.331 -89.367 86.605 -0.684 0.006 0.730
268.453 -89.654 80.903 0.989 -0.120 0.088
244.615 -97.086 74.656 -0.191 0.814 0.549
229.622 -89.180 54.921 -0.701 -0.313 0.641
218.309 -99.171 74.562 0.655 0.704 -0.274
245.384 -88.632 87.423 -0.539 0.577 0.614
203.435 -97.114 74.596 -0.186 0.811 0.555
280.057 -53.073 89.319 -0.016 -0.628 -0.778
294.331 -38.889 118.214 -0.684 0.345 0.643
277.453 -41.792 113.298 0.989 -0.066 0.133
253.615 -51.276 111.221 -0.191 0.976 0.107
238.622 -53.447 90.072 -0.701 0.021 0.713
227.309 -53.165 112.107 0.655 0.496 -0.570
254.384 -37.856 118.597 -0.539 0.796 0.276
212.435 -51.328 111.181 -0.186 0.976 0.114
289.057 -5.489 103.751 -0.017 -0.918 -0.397
303.331 20.498 122.746 -0.684 0.604 0.409
286.453 15.643 119.743 0.989 0.004 0.149
262.615 6.280 122.310 -0.191 0.914 -0.358
247.622 -5.470 104.592 -0.701 0.350 0.622
236.309 5.019 123.972 0.655 0.174 -0.735
263.384 21.590 122.606 -0.539 0.833 -0.125
221.435 6.215 122.299 -0.186 0.917 -0.352
298.057 43.351 94.420 -0.016 -0.997 0.074
312.331 75.189 99.164 -0.684 0.725 0.081
295.453 69.494 98.761 0.989 0.073 0.130
271.615 62.397 105.385 -0.191 0.642 -0.742
256.622 43.758 95.156 -0.701 0.598 0.388
245.309 62.053 107.442 0.655 -0.187 -0.732
272.384 76.091 98.532 -0.539 0.679 -0.498
230.435 62.334 105.405 -0.187 0.648 -0.738
307.057 82.262 63.462 -0.017 -0.848 0.529
321.331 112.659 52.867 -0.684 0.680 -0.264
304.453 107.428 55.157 0.989 0.125 0.081
280.615 104.221 64.321 -0.191 0.224 -0.956
265.622 82.965 63.924 -0.701 0.710 0.066
254.309 104.873 66.303 0.655 -0.506 -0.561
281.384 113.163 51.889 -0.539 0.370 -0.756
239.435 104.175 64.368 -0.187 0.231 -0.955
279.057 102.340 17.914 -0.016 -0.505 0.863
293.331 124.320 -5.603 -0.684 0.479 -0.551
276.453 120.755 -1.143 0.989 0.148 0.014
252.615 122.179 8.460 -0.191 -0.246 -0.950
237.622 103.177 17.996 -0.701 0.659 -0.272
226.309 123.677 9.912 0.655 -0.709 -0.262
253.384 124.312 -6.704 -0.539 -0.024 -0.842
211.435 122.161 8.523 -0.186 -0.240 -0.953
75.057 -19.524 -102.046 -0.017 0.986 0.166
89.331 -49.305 -114.262 -0.684 -0.685 -0.253
72.453 -43.871 -112.510 0.989 -0.039 -0.143
48.615 -35.396 -117.245 -0.191 -0.801 0.567
33.622 -19.744 -102.857 -0.701 -0.488 -0.520
22.309 -34.570 -119.160 0.655 0.006 0.755
49.384 -50.331 -113.865 -0.539 -0.778 0.322
7.434 -35.331 -117.250 -0.186 -0.806 0.562
288.057 98.945 -31.694 -0.016 -0.046 0.999
302.331 107.479 -62.731 -0.684 0.168 -0.710
285.453 106.394 -57.127 0.989 0.138 -0.056
261.615 112.118 -49.284 -0.192 -0.659 -0.727
246.622 99.724 -32.010 -0.701 0.457 -0.547
235.309 114.119 -48.695 0.655 -0.749 0.097
262.384 106.960 -63.702 -0.539 -0.413 -0.734
220.435 112.130 -49.220 -0.187 -0.655 -0.732
297.057 72.885 -74.042 -0.017 0.424 0.906
311.331 66.019 -105.490 -0.684 -0.181 -0.707
294.453 67.663 -100.024 0.989 0.095 -0.114
270.615 76.376 -95.739 -0.191 -0.922 -0.337
255.622 73.427 -74.684 -0.701 0.150 -0.697
244.309 78.421 -96.148 0.655 -0.618 0.434
271.384 65.108 -106.110 -0.539 -0.707 -0.458
229.435 76.417 -95.689 -0.187 -0.920 -0.344
306.057 30.132 -99.431 -0.017 0.796 0.605
320.331 9.438 -124.088 -0.684 -0.489 -0.542
303.453 13.434 -120.011 0.989 0.032 -0.145
279.615 23.140 -120.266 -0.191 -0.973 0.130
264.622 30.313 -100.252 -0.701 -0.190 -0.687
253.309 24.761 -121.578 0.655 -0.345 0.672
280.384 8.345 -124.213 -0.539 -0.839 -0.077
238.435 23.200 -120.240 -0.186 -0.975 0.123
315.057 -19.524 -102.046 -0.017 0.986 0.166
329.331 -49.305 -114.262 -0.684 -0.685 -0.253
312.453 -43.871 -112.510 0.989 -0.039 -0.143
288.615 -35.396 -117.245 -0.191 -0.801 0.567
273.622 -19.744 -102.857 -0.701 -0.488 -0.520
262.309 -34.570 -119.160 0.655 0.006 0.755
289.384 -50.331 -113.865 -0.539 -0.778 0.322
247.435 -35.331 -117.250 -0.186 -0.806 0.562
324.057 -64.707 -81.286 -0.017 0.950 -0.311
338.331 -96.755 -78.265 -0.684 -0.724 0.095
321.453 -91.129 -79.237 0.989 -0.102 -0.109
297.615 -85.825 -87.370 -0.191 -0.446 0.874
282.622 -65.279 -81.903 -0.701 -0.674 -0.234
271.309 -85.983 -89.450 0.655 0.357 0.666
298.384 -97.479 -77.436 -0.539 -0.540 0.647
256.435 -85.769 -87.404 -0.186 -0.452 0.872
333.057 -95.070 -41.908 -0.017 0.697 -0.717
347.331 -122.042 -24.341 -0.684 -0.597 0.420
330.453 -117.513 -27.816 0.989 -0.140 -0.049
306.615 -116.594 -37.482 -0.191 0.011 0.981
291.622 -95.862 -42.188 -0.701 -0.705 0.106
280.309 -117.703 -39.250 0.655 0.625 0.424
307.384 -122.298 -23.270 -0.539 -0.178 0.823
265.435 -116.562 -37.538 -0.187 0.005 0.982
342.057 -103.656 7.069 -0.017 0.284 -0.959
356.331 -119.376 35.159 -0.684 -0.334 0.649
339.453 -116.981 29.976 0.989 -0.147 0.022
315.615 -120.660 20.991 -0.191 0.466 0.864
300.622 -104.487 7.189 -0.701 -0.575 0.422
289.309 -122.462 19.940 0.655 0.751 0.085
316.384 -119.106 36.225 -0.539 0.225 0.812
274.435 -120.656 20.925 -0.186 0.460 0.868
351.057 -88.500 54.427 -0.017 -0.194 -0.981
365.331 -89.367 86.605 -0.684 0.006 0.730
348.453 -89.654 80.903 0.989 -0.120 0.088
324.615 -97.086 74.656 -0.191 0.814 0.549
309.622 -89.180 54.921 -0.701 -0.313 0.641
298.309 -99.171 74.562 0.655 0.704 -0.274
325.384 -88.632 87.423 -0.539 0.577 0.614
283.435 -97.114 74.596 -0.186 0.811 0.555
360.057 -53.073 89.319 -0.016 -0.628 -0.778
374.331 -38.889 118.214 -0.684 0.345 0.643
357.453 -41.792 113.298 0.989 -0.066 0.133
333.615 -51.276 111.221 -0.191 0.976 0.107
318.622 -53.447 90.072 -0.701 0.021 0.713
307.309 -53.165 112.107 0.655 0.496 -0.570
334.384 -37.856 118.597 -0.539 0.796 0.276
292.435 -51.328 111.181 -0.186 0.976 0.114
369.057 -5.489 103.751 -0.017 -0.918 -0.397
383.331 20.498 122.746 -0.684 0.604 0.409
366.453 15.643 119.743 0.989 0.004 0.149
342.615 6.280 122.310 -0.191 0.914 -0.358
327.622 -5.470 104.592 -0.701 0.350 0.622
316.309 5.019 123.972 0.655 0.174 -0.735
343.384 21.590 122.606 -0.539 0.833 -0.125
301.435 6.215 122.299 -0.186 0.917 -0.352
84.057 -64.707 -81.286 -0.017 0.950 -0.311
98.331 -96.755 -78.265 -0.684 -0.724 0.095
81.453 -91.129 -79.237 0.989 -0.102 -0.109
57.615 -85.825 -87.370 -0.191 -0.446 0.874
42.622 -65.279 -81.903 -0.701 -0.674 -0.234
31.309 -85.983 -89.450 0.655 0.357 0.666
58.384 -97.479 -77.436 -0.539 -0.540 0.647
16.434 -85.769 -87.404 -0.186 -0.452 0.872
378.057 43.351 94.420 -0.016 -0.997 0.074
392.331 75.189 99.164 -0.684 0.725 0.081
375.453 69.494 98.761 0.989 0.073 0.130
351.615 62.397 105.385 -0.191 0.642 -0.742
336.622 43.758 95.156 -0.701 0.598 0.388
325.309 62.053 107.442 0.655 -0.187 -0.732
352.384 76.091 98.532 -0.539 0.679 -0.498
310.435 62.334 105.405 -0.187 0.648 -0.738
387.057 82.262 63.462 -0.017 -0.848 0.529
401.331 112.659 52.867 -0.684 0.680 -0.264
384.453 107.428 55.157 0.989 0.125 0.081
360.615 104.221 64.321 -0.191 0.224 -0.956
345.622 82.965 63.924 -0.701 0.710 0.066
334.309 104.873 66.303 0.655 -0.506 -0.561
361.384 113.163 51.889 -0.539 0.370 -0.756
319.435 104.175 64.368 -0.187 0.231 -0.955
359.057 102.340 17.914 -0.016 -0.505 0.863
373.331 124.320 -5.603 -0.684 0.479 -0.551
356.453 120.755 -1.143 0.989 0.148 0.014
332.615 122.179 8.460 -0.191 -0.246 -0.950
317.622 103.177 17.996 -0.701 0.659 -0.272
306.309 123.677 9.912 0.655 -0.709 -0.262
333.384 124.312 -6.704 -0.539 -0.024 -0.842
291.435 122.161 8.523 -0.186 -0.240 -0.953
368.057 98.945 -31.694 -0.016 -0.046 0.999
382.331 107.479 -62.731 -0.684 0.168 -0.710
365.453 106.394 -57.127 0.989 0.138 -0.056
341.615 112.118 -49.284 -0.192 -0.659 -0.727
326.622 99.724 -32.010 -0.701 0.457 -0.547
315.309 114.119 -48.695 0.655 -0.749 0.097
342.384 106.960 -63.702 -0.539 -0.413 -0.734
300.435 112.130 -49.220 -0.187 -0.655 -0.732
377.057 72.885 -74.042 -0.017 0.424 0.906
391.331 66.019 -105.490 -0.684 -0.181 -0.707
374.453 67.663 -100.024 0.989 0.095 -0.114
350.615 76.376 -95.739 -0.191 -0.922 -0.337
335.622 73.427 -74.684 -0.701 0.150 -0.697
324.309 78.421 -96.148 0.655 -0.618 0.434
351.384 65.108 -106.110 -0.539 -0.707 -0.458
309.435 76.417 -95.689 -0.187 -0.920 -0.344
386.057 30.132 -99.431 -0.017 0.796 0.605
400.331 9.438 -124.088 -0.684 -0.489 -0.542
383.453 13.434 -120.011 0.989 0.032 -0.145
359.615 23.140 -120.266 -0.191 -0.973 0.130
344.622 30.313 -100.252 -0.701 -0.190 -0.687
333.309 24.761 -121.578 0.655 -0.345 0.672
360.384 8.345 -124.213 -0.539 -0.839 -0.077
318.435 23.200 -120.240 -0.186 -0.975 0.123
395.057 -19.524 -102.046 -0.017 0.986 0.166
409.331 -49.305 -114.262 -0.684 -0.685 -0.253
392.453 -43.871 -112.510 0.989 -0.039 -0.143
368.615 -35.396 -117.245 -0.191 -0.801 0.567
353.622 -19.744 -102.857 -0.701 -0.488 -0.520
342.309 -34.570 -119.160 0.655 0.006 0.755
369.384 -50.331 -113.865 -0.539 -0.778 0.322
327.435 -35.331 -117.250 -0.186 -0.806 0.562
404.057 -64.707 -81.286 -0.017 0.950 -0.311
418.331 -96.755 -78.265 -0.684 -0.724 0.095
401.453 -91.129 -79.237 0.989 -0.102 -0.109
377.615 -85.825 -87.370 -0.191 -0.446 0.874
362.622 -65.279 -81.903 -0.701 -0.674 -0.234
351.309 -85.983 -89.450 0.655 0.357 0.666
378.384 -97.479 -77.436 -0.539 -0.540 0.647
336.435 -85.769 -87.404 -0.186 -0.452 0.872
413.057 -95.070 -41.908 -0.017 0.697 -0.717
427.331 -122.042 -24.341 -0.684 -0.597 0.420
410.453 -117.513 -27.816 0.989 -0.140 -0.049
386.615 -116.594 -37.482 -0.191 0.011 0.981
371.622 -95.862 -42.188 -0.701 -0.705 0.106
360.309 -117.703 -39.250 0.655 0.625 0.424
387.384 -122.298 -23.270 -0.539 -0.178 0.823
345.435 -116.562 -37.538 -0.187 0.005 0.982
422.057 -103.656 7.069 -0.017 0.284 -0.959
436.331 -119.376 35.159 -0.684 -0.334 0.649
419.453 -116.981 29.976 0.989 -0.147 0.022
395.615 -120.660 20.991 -0.191 0.466 0.864
380.622 -104.487 7.189 -0.701 -0.575 0.422
369.309 -122.462 19.940 0.655 0.751 0.085
396.384 -119.106 36.225 -0.539 0.225 0.812
354.435 -120.656 20.925 -0.186 0.460 0.868
93.057 -95.070 -41.908 -0.017 0.697 -0.717
107.331 -122.042 -24.341 -0.684 -0.597 0.420
90.453 -117.513 -27.816 0.989 -0.140 -0.049
66.615 -116.594 -37.482 -0.191 0.011 0.981
51.622 -95.862 -42.188 -0.701 -0.705 0.106
40.309 -117.703 -39.250 0.655 0.625 0.424
67.384 -122.298 -23.270 -0.539 -0.178 0.823
25.434 -116.562 -37.538 -0.187 0.005 0.982
431.057 -88.500 54.427 -0.017 -0.194 -0.981
445.331 -89.367 86.605 -0.684 0.006 0.730
428.453 -89.654 80.903 0.989 -0.120 0.088
404.615 -97.086 74.656 -0.191 0.814 0.549
389.622 -89.180 54.921 -0.701 -0.313 0.641
378.309 -99.171 74.562 0.655 0.704 -0.274
405.384 -88.632 87.423 -0.539 0.577 0.614
363.435 -97.114 74.596 -0.186 0.811 0.555
440.057 -53.073 89.319 -0.016 -0.628 -0.778
454.331 -38.889 118.214 -0.684 0.345 0.643
437.453 -41.792 113.298 0.989 -0.066 0.133
413.615 -51.276 111.221 -0.191 0.976 0.107
398.622 -53.447 90.072 -0.701 0.021 0.713
387.309 -53.165 112.107 0.655 0.496 -0.570
414.384 -37.856 118.597 -0.539 0.796 0.276
372.435 -51.328 111.181 -0.186 0.976 0.114
449.057 -5.489 103.751 -0.017 -0.918 -0.397
463.331 20.498 122.746 -0.684 0.604 0.409
446.453 15.643 119.743 0.989 0.004 0.149
422.615 6.280 122.310 -0.191 0.914 -0.358
407.622 -5.470 104.592 -0.701 0.350 0.622
396.309 5.019 123.972 0.655 0.174 -0.735
423.384 21.590 122.606 -0.539 0.833 -0.125
381.435 6.215 122.299 -0.186 0.917 -0.352
458.057 43.351 94.420 -0.016 -0.997 0.074
472.331 75.189 99.164 -0.684 0.725 0.081
455.453 69.494 98.761 0.989 0.073 0.130
431.615 62.397 105.385 -0.191 0.642 -0.742
416.622 43.758 95.156 -0.701 0.598 0.388
405.309 62.053 107.442 0.655 -0.187 -0.732
432.384 76.091 98.532 -0.539 0.679 -0.498
390.435 62.334 105.405 -0.187 0.648 -0.738
467.057 82.262 63.462 -0.017 -0.848 0.529
481.331 112.659 52.867 -0.684 0.680 -0.264
464.453 107.428 55.157 0.989 0.125 0.081
440.615 104.221 64.321 -0.191 0.224 -0.956
425.622 82.965 63.924 -0.701 0.710 0.066
414.309 104.873 66.303 0.655 -0.506 -0.561
441.384 113.163 51.889 -0.539 0.370 -0.756
399.435 104.175 64.368 -0.187 0.231 -0.955
439.057 102.340 17.914 -0.016 -0.505 0.863
453.331 124.320 -5.603 -0.684 0.479 -0.551
436.453 120.755 -1.143 0.989 0.148 0.014
412.615 122.179 8.460 -0.191 -0.246 -0.950
397.622 103.177 17.996 -0.701 0.659 -0.272
386.309 123.677 9.912 0.655 -0.709 -0.262
413.384 124.312 -6.704 -0.539 -0.024 -0.842
371.435 122.161 8.523 -0.186 -0.240 -0.953
448.057 98.945 -31.694 -0.016 -0.046 0.999
462.331 107.479 -62.731 -0.684 0.168 -0.710
445.453 106.394 -57.127 0.989 0.138 -0.056
421.615 112.118 -49.284 -0.192 -0.659 -0.727
406.622 99.724 -32.010 -0.701 0.457 -0.547
395.309 114.119 -48.695 0.655 -0.749 0.097
422.384 106.960 -63.702 -0.539 -0.413 -0.734
380.435 112.130 -49.220 -0.187 -0.655 -0.732
457.057 72.885 -74.042 -0.017 0.424 0.906
471.331 66.019 -105.490 -0.684 -0.181 -0.707
454.453 67.663 -100.024 0.989 0.095 -0.114
430.615 76.376 -95.739 -0.191 -0.922 -0.337
415.622 73.427 -74.684 -0.701 0.150 -0.697
404.309 78.421 -96.148 0.655 -0.618 0.434
431.384 65.108 -106.110 -0.539 -0.707 -0.458
389.435 76.417 -95.689 -0.187 -0.920 -0.344
466.057 30.132 -99.431 -0.017 0.796 0.605
480.331 9.438 -124.088 -0.684 -0.489 -0.542
463.453 13.434 -120.011 0.989 0.032 -0.145
439.615 23.140 -120.266 -0.191 -0.973 0.130
424.622 30.313 -100.252 -0.701 -0.190 -0.687
413.309 24.761 -121.578 0.655 -0.345 0.672
440.384 8.345 -124.213 -0.539 -0.839 -0.077
398.435 23.200 -120.240 -0.186 -0.975 0.123
475.057 -19.524 -102.046 -0.017 0.986 0.166
489.331 -49.305 -114.262 -0.684 -0.685 -0.253
472.453 -43.871 -112.510 0.989 -0.039 -0.143
448.615 -35.396 -117.245 -0.191 -0.801 0.567
433.622 -19.744 -102.857 -0.701 -0.488 -0.520
422.309 -34.570 -119.160 0.655 0.006 0.755
449.384 -50.331 -113.865 -0.539 -0.778 0.322
407.435 -35.331 -117.250 -0.186 -0.806 0.562
102.057 -103.656 7.069 -0.017 0.284 -0.959
116.331 -119.376 35.159 -0.684 -0.334 0.649
99.453 -116.981 29.976 0.989 -0.147 0.022
75.615 -120.660 20.991 -0.191 0.466 0.864
60.622 -104.487 7.189 -0.701 -0.575 0.422
49.309 -122.462 19.940 0.655 0.751 0.085
76.384 -119.106 36.225 -0.539 0.225 0.812
34.434 -120.656 20.925 -0.186 0.460 0.868
484.057 -64.707 -81.286 -0.017 0.950 -0.311
498.331 -96.755 -78.265 -0.684 -0.724 0.095
481.453 -91.129 -79.237 0.989 -0.102 -0.109
457.615 -85.825 -87.370 -0.191 -0.446 0.874
442.622 -65.279 -81.903 -0.701 -0.674 -0.234
431.309 -85.983 -89.450 0.655 0.357 0.666
458.384 -97.479 -77.436 -0.539 -0.540 0.647
416.435 -85.769 -87.404 -0.186 -0.452 0.872
493.057 -95.070 -41.908 -0.017 0.697 -0.717
507.331 -122.042 -24.341 -0.684 -0.597 0.420
490.453 -117.513 -27.816 0.989 -0.140 -0.049
466.615 -116.594 -37.482 -0.191 0.011 0.981
451.622 -95.862 -42.188 -0.701 -0.705 0.106
440.309 -117.703 -39.250 0.655 0.625 0.424
467.384 -122.298 -23.270 -0.539 -0.178 0.823
425.435 -116.562 -37.538 -0.187 0.005 0.982
502.057 -103.656 7.069 -0.017 0.284 -0.959
516.331 -119.376 35.159 -0.684 -0.334 0.649
499.453 -116.981 29.976 0.989 -0.147 0.022
475.615 -120.660 20.991 -0.191 0.466 0.864
460.622 -104.487 7.189 -0.701 -0.575 0.422
449.309 -122.462 19.940 0.655 0.751 0.085
476.384 -119.106 36.225 -0.539 0.225 0.812
434.435 -120.656 20.925 -0.186 0.460 0.868
511.057 -88.500 54.427 -0.017 -0.194 -0.981
525.331 -89.367 86.605 -0.684 0.006 0.730
508.453 -89.654 80.903 0.989 -0.120 0.088
484.615 -97.086 74.656 -0.191 0.814 0.549
469.622 -89.180 54.921 -0.701 -0.313 0.641
458.309 -99.171 74.562 0.655 0.704 -0.274
485.384 -88.632 87.423 -0.539 0.577 0.614
443.435 -97.114 74.596 -0.186 0.811 0.555
520.057 -53.073 89.319 -0.016 -0.628 -0.778
534.331 -38.889 118.214 -0.684 0.345 0.643
517.453 -41.792 113.298 0.989 -0.066 0.133
493.615 -51.276 111.221 -0.191 0.976 0.107
478.622 -53.447 90.072 -0.701 0.021 0.713
467.309 -53.165 112.107 0.655 0.496 -0.570
494.384 -37.856 118.597 -0.539 0.796 0.276
452.435 -51.328 111.181 -0.186 0.976 0.114
529.057 -5.489 103.751 -0.017 -0.918 -0.397
543.331 20.498 122.746 -0.684 0.604 0.409
526.453 15.643 119.743 0.989 0.004 0.149
502.615 6.280 122.310 -0.191 0.914 -0.358
487.622 -5.470 104.592 -0.701 0.350 0.622
476.309 5.019 123.972 0.655 0.174 -0.735
503.384 21.590 122.606 -0.539 0.833 -0.125
461.435 6.215 122.299 -0.186 0.917 -0.352
538.057 43.351 94.420 -0.016 -0.997 0.074
552.331 75.189 99.164 -0.684 0.725 0.081
535.453 69.494 98.761 0.989 0.073 0.130
511.615 62.397 105.385 -0.191 0.642 -0.742
496.622 43.758 95.156 -0.701 0.598 0.388
485.309 62.053 107.442 0.655 -0.187 -0.732
512.384 76.091 98.532 -0.539 0.679 -0.498
470.435 62.334 105.405 -0.187 0.648 -0.738
547.057 82.262 63.462 -0.017 -0.848 0.529
561.331 112.659 52.867 -0.684 0.680 -0.264
544.453 107.428 55.157 0.989 0.125 0.081
520.615 104.221 64.321 -0.191 0.224 -0.956
505.622 82.965 63.924 -0.701 0.710 0.066
494.309 104.873 66.303 0.655 -0.506 -0.561
521.384 113.163 51.889 -0.539 0.370 -0.756
479.435 104.175 64.368 -0.187 0.231 -0.955
519.057 102.340 17.914 -0.016 -0.505 0.863
533.331 124.320 -5.603 -0.684 0.479 -0.551
516.453 120.755 -1.143 0.989 0.148 0.014
492.615 122.179 8.460 -0.191 -0.246 -0.950
477.622 103.177 17.996 -0.701 0.659 -0.272
466.309 123.677 9.912 0.655 -0.709 -0.262
493.384 124.312 -6.704 -0.539 -0.024 -0.842
451.435 122.161 8.523 -0.186 -0.240 -0.953
528.057 98.945 -31.694 -0.016 -0.046 0.999
542.331 107.479 -62.731 -0.684 0.168 -0.710
525.453 106.394 -57.127 0.989 0.138 -0.056
501.615 112.118 -49.284 -0.192 -0.659 -0.727
486.622 99.724 -32.010 -0.701 0.457 -0.547
475.309 114.119 -48.695 0.655 -0.749 0.097
502.384 106.960 -63.702 -0.539 -0.413 -0.734
460.435 112.130 -49.220 -0.187 -0.655 -0.732
111.057 -88.500 54.427 -0.017 -0.194 -0.981
125.331 -89.367 86.605 -0.684 0.006 0.730
108.453 -89.654 80.903 0.989 -0.120 0.088
84.615 -97.086 74.656 -0.191 0.814 0.549
69.622 -89.180 54.921 -0.701 -0.313 0.641
58.309 -99.171 74.562 0.655 0.704 -0.274
85.384 -88.632 87.423 -0.539 0.577 0.614
43.434 -97.114 74.596 -0.186 0.811 0.555
537.057 72.885 -74.042 -0.017 0.424 0.906
551.331 66.019 -105.490 -0.684 -0.181 -0.707
534.453 67.663 -100.024 0.989 0.095 -0.114
510.615 76.376 -95.739 -0.191 -0.922 -0.337
495.622 73.427 -74.684 -0.701 0.150 -0.697
484.309 78.421 -96.148 0.655 -0.618 0.434
511.384 65.108 -106.110 -0.539 -0.707 -0.458
469.435 76.417 -95.689 -0.187 -0.920 -0.344
546.057 30.132 -99.431 -0.017 0.796 0.605
560.331 9.438 -124.088 -0.684 -0.489 -0.542
543.453 13.434 -120.011 0.989 0.032 -0.145
519.615 23.140 -120.266 -0.191 -0.973 0.130
504.622 30.313 -100.252 -0.701 -0.190 -0.687
493.309 24.761 -121.578 0.655 -0.345 0.672
520.384 8.345 -124.213 -0.539 -0.839 -0.077
478.435 23.200 -120.240 -0.186 -0.975 0.123
555.057 -19.524 -102.046 -0.017 0.986 0.166
569.331 -49.305 -114.262 -0.684 -0.685 -0.253
552.453 -43.871 -112.510 0.989 -0.039 -0.143
528.615 -35.396 -117.245 -0.191 -0.801 0.567
513.622 -19.744 -102.857 -0.701 -0.488 -0.520
502.309 -34.570 -119.160 0.655 0.006 0.755
529.384 -50.331 -113.865 -0.539 -0.778 0.322
487.435 -35.331 -117.250 -0.186 -0.806 0.562
564.057 -64.707 -81.286 -0.017 0.950 -0.311
578.331 -96.755 -78.265 -0.684 -0.724 0.095
561.453 -91.129 -79.237 0.989 -0.102 -0.109
537.615 -85.825 -87.370 -0.191 -0.446 0.874
522.622 -65.279 -81.903 -0.701 -0.674 -0.234
511.309 -85.983 -89.450 0.655 0.357 0.666
538.384 -97.479 -77.436 -0.539 -0.540 0.647
496.435 -85.769 -87.404 -0.186 -0.452 0.872
573.057 -95.070 -41.908 -0.017 0.697 -0.717
587.331 -122.042 -24.341 -0.684 -0.597 0.420
570.453 -117.513 -27.816 0.989 -0.140 -0.049
546.615 -116.594 -37.482 -0.191 0.011 0.981
531.622 -95.862 -42.188 -0.701 -0.705 0.106
520.309 -117.703 -39.250 0.655 0.625 0.424
547.384 -122.298 -23.270 -0.539 -0.178 0.823
505.435 -116.562 -37.538 -0.187 0.005 0.982
582.057 -103.656 7.069 -0.017 0.284 -0.959
596.331 -119.376 35.159 -0.684 -0.334 0.649
579.453 -116.981 29.976 0.989 -0.147 0.022
555.615 -120.660 20.991 -0.191 0.466 0.864
540.622 -104.487 7.189 -0.701 -0.575 0.422
529.309 -122.462 19.940 0.655 0.751 0.085
556.384 -119.106 36.225 -0.539 0.225 0.812
514.434 -120.656 20.925 -0.186 0.460 0.868
591.057 -88.500 54.427 -0.017 -0.194 -0.981
605.331 -89.367 86.605 -0.684 0.006 0.730
588.453 -89.654 80.903 0.989 -0.120 0.088
564.615 -97.086 74.656 -0.191 0.814 0.549
549.622 -89.180 54.921 -0.701 -0.313 0.641
538.309 -99.171 74.562 0.655 0.704 -0.274
565.384 -88.632 87.423 -0.539 0.577 0.614
523.434 -97.114 74.596 -0.186 0.811 0.555
600.057 -53.073 89.319 -0.016 -0.628 -0.778
614.331 -38.889 118.214 -0.684 0.345 0.643
597.453 -41.792 113.298 0.989 -0.066 0.133
573.615 -51.276 111.221 -0.191 0.976 0.107
558.622 -53.447 90.072 -0.701 0.021 0.713
547.309 -53.165 112.107 0.655 0.496 -0.570
574.384 -37.856 118.597 -0.539 0.796 0.276
532.434 -51.328 111.181 -0.186 0.976 0.114
609.057 -5.489 103.751 -0.017 -0.918 -0.397
623.331 20.498 122.746 -0.684 0.604 0.409
606.453 15.643 119.743 0.989 0.004 0.149
582.615 6.280 122.310 -0.191 0.914 -0.358
567.622 -5.470 104.592 -0.701 0.350 0.622
556.309 5.019 123.972 0.655 0.174 -0.735
583.384 21.590 122.606 -0.539 0.833 -0.125
541.434 6.215 122.299 -0.186 0.917 -0.352
618.057 43.351 94.420 -0.016 -0.997 0.074
632.331 75.189 99.164 -0.684 0.725 0.081
615.453 69.494 98.761 0.989 0.073 0.130
591.615 62.397 105.385 -0.191 0.642 -0.742
576.622 43.758 95.156 -0.701 0.598 0.388
565.309 62.053 107.442 0.655 -0.187 -0.732
592.384 76.091 98.532 -0.539 0.679 -0.498
550.434 62.334 105.405 -0.187 0.648 -0.738
120.057 -53.073 89.319 -0.016 -0.628 -0.778
134.331 -38.889 118.214 -0.684 0.345 0.643
117.453 -41.792 113.298 0.989 -0.066 0.133
93.615 -51.276 111.221 -0.191 0.976 0.107
78.622 -53.447 90.072 -0.701 0.021 0.713
67.309 -53.165 112.107 0.655 0.496 -0.570
94.384 -37.856 118.597 -0.539 0.796 0.276
52.434 -51.328 111.181 -0.186 0.976 0.114
627.057 82.262 63.462 -0.017 -0.848 0.529
641.331 112.659 52.867 -0.684 0.680 -0.264
624.453 107.428 55.157 0.989 0.125 0.081
600.615 104.221 64.321 -0.191 0.224 -0.956
585.622 82.965 63.924 -0.701 0.710 0.066
574.309 104.873 66.303 0.655 -0.506 -0.561
601.384 113.163 51.889 -0.539 0.370 -0.756
559.434 104.175 64.368 -0.187 0.231 -0.955
599.057 102.340 17.914 -0.016 -0.505 0.863
613.331 124.320 -5.603 -0.684 0.479 -0.551
596.453 120.755 -1.143 0.989 0.148 0.014
572.615 122.179 8.460 -0.191 -0.246 -0.950
557.622 103.177 17.996 -0.701 0.659 -0.272
546.309 123.677 9.912 0.655 -0.709 -0.262
573.384 124.312 -6.704 -0.539 -0.024 -0.842
531.434 122.161 8.523 -0.186 -0.240 -0.953
608.057 98.945 -31.694 -0.016 -0.046 0.999
622.331 107.479 -62.731 -0.684 0.168 -0.710
605.453 106.394 -57.127 0.989 0.138 -0.056
581.615 112.118 -49.284 -0.192 -0.659 -0.727
566.622 99.724 -32.010 -0.701 0.457 -0.547
555.309 114.119 -48.695 0.655 -0.749 0.097
582.384 106.960 -63.702 -0.539 -0.413 -0.734
540.434 112.130 -49.220 -0.187 -0.655 -0.732
617.057 72.885 -74.042 -0.017 0.424 0.906
631.331 66.019 -105.490 -0.684 -0.181 -0.707
614.453 67.663 -100.024 0.989 0.095 -0.114
590.615 76.376 -95.739 -0.191 -0.922 -0.337
575.622 73.427 -74.684 -0.701 0.150 -0.697
564.309 78.421 -96.148 0.655 -0.618 0.434
591.384 65.108 -106.110 -0.539 -0.707 -0.458
549.434 76.417 -95.689 -0.187 -0.920 -0.344
626.057 30.132 -99.431 -0.017 0.796 0.605
640.331 9.438 -124.088 -0.684 -0.489 -0.542
623.453 13.434 -120.011 0.989 0.032 -0.145
599.615 23.140 -120.266 -0.191 -0.973 0.130
584.622 30.313 -100.252 -0.701 -0.190 -0.687
573.309 24.761 -121.578 0.655 -0.345 0.672
600.384 8.345 -124.213 -0.539 -0.839 -0.077
558.434 23.200 -120.240 -0.186 -0.975 0.123
635.057 -19.524 -102.046 -0.017 0.986 0.166
649.331 -49.305 -114.262 -0.684 -0.685 -0.253
632.453 -43.871 -112.510 0.989 -0.039 -0.143
608.615 -35.396 -117.245 -0.191 -0.801 0.567
593.622 -19.744 -102.857 -0.701 -0.488 -0.520
582.309 -34.570 -119.160 0.655 0.006 0.755
609.384 -50.331 -113.865 -0.539 -0.778 0.322
567.434 -35.331 -117.250 -0.186 -0.806 0.562
644.057 -64.707 -81.286 -0.017 0.950 -0.311
658.331 -96.755 -78.265 -0.684 -0.724 0.095
641.453 -91.129 -79.237 0.989 -0.102 -0.109
617.615 -85.825 -87.370 -0.191 -0.446 0.874
602.622 -65.279 -81.903 -0.701 -0.674 -0.234
591.309 -85.983 -89.450 0.655 0.357 0.666
618.384 -97.479 -77.436 -0.539 -0.540 0.647
576.434 -85.769 -87.404 -0.186 -0.452 0.872
653.057 -95.070 -41.908 -0.017 0.697 -0.717
667.331 -122.042 -24.341 -0.684 -0.597 0.420
650.453 -117.513 -27.816 0.989 -0.140 -0.049
626.615 -116.594 -37.482 -0.191 0.011 0.981
611.622 -95.862 -42.188 -0.701 -0.705 0.106
600.309 -117.703 -39.250 0.655 0.625 0.424
627.384 -122.298 -23.270 -0.539 -0.178 0.823
585.434 -116.562 -37.538 -0.187 0.005 0.982
662.057 -103.656 7.069 -0.017 0.284 -0.959
676.331 -119.376 35.159 -0.684 -0.334 0.649
659.453 -116.981 29.976 0.989 -0.147 0.022
635.615 -120.660 20.991 -0.191 0.466 0.864
620.622 -104.487 7.189 -0.701 -0.575 0.422
609.309 -122.462 19.940 0.655 0.751 0.085
636.384 -119.106 36.225 -0.539 0.225 0.812
594.434 -120.656 20.925 -0.186 0.460 0.868
671.057 -88.500 54.427 -0.017 -0.194 -0.981
685.331 -89.367 86.605 -0.684 0.006 0.730
668.453 -89.654 80.903 0.989 -0.120 0.088
644.615 -97.086 74.656 -0.191 0.814 0.549
629.622 -89.180 54.921 -0.701 -0.313 0.641
618.309 -99.171 74.562 0.655 0.704 -0.274
645.384 -88.632 87.423 -0.539 0.577 0.614
603.434 -97.114 74.596 -0.186 0.811 0.555
