39.057 102.340 17.914 -0.016 -0.505 0.863
53.331 124.320 -5.603 -0.684 0.479 -0.551
36.453 120.755 -1.143 0.989 0.148 0.014
12.616 122.179 8.460 -0.191 -0.246 -0.950
-2.378 103.177 17.996 -0.701 0.659 -0.272
-13.691 123.677 9.912 0.655 -0.709 -0.262
13.384 124.312 -6.704 -0.539 -0.024 -0.842
-28.566 122.161 8.523 -0.186 -0.240 -0.953
48.057 98.945 -31.694 -0.016 -0.046 0.999
62.331 107.479 -62.731 -0.684 0.168 -0.710
45.453 106.394 -57.127 0.989 0.138 -0.056
21.616 112.118 -49.284 -0.192 -0.659 -0.727
6.622 99.724 -32.010 -0.701 0.457 -0.547
-4.691 114.119 -48.695 0.655 -0.749 0.097
22.384 106.960 -63.702 -0.539 -0.413 -0.734
-19.566 112.130 -49.220 -0.187 -0.655 -0.732
129.057 -5.489 103.751 -0.017 -0.918 -0.397
143.331 20.498 122.746 -0.684 0.604 0.409
126.453 15.643 119.743 0.989 0.004 0.149
102.615 6.280 122.310 -0.191 0.914 -0.358
87.622 -5.470 104.592 -0.701 0.350 0.622
76.309 5.019 123.972 0.655 0.174 -0.735
103.384 21.590 122.606 -0.539 0.833 -0.125
61.434 6.215 122.299 -0.186 0.917 -0.352
138.057 43.351 94.420 -0.016 -0.997 0.074
152.331 75.189 99.164 -0.684 0.725 0.081
135.453 69.494 98.761 0.989 0.073 0.130
111.615 62.397 105.385 -0.191 0.642 -0.742
96.622 43.758 95.156 -0.701 0.598 0.388
85.309 62.053 107.442 0.655 -0.187 -0.732
112.384 76.091 98.532 -0.539 0.679 -0.498
70.434 62.334 105.405 -0.187 0.648 -0.738
147.057 82.262 63.462 -0.017 -0.848 0.529
161.331 112.659 52.867 -0.684 0.680 -0.264
144.453 107.428 55.157 0.989 0.125 0.081
120.615 104.221 64.321 -0.191 0.224 -0.956
105.622 82.965 63.924 -0.701 0.710 0.066
94.309 104.873 66.303 0.655 -0.506 -0.561
121.384 113.163 51.889 -0.539 0.370 -0.756
79.434 104.175 64.368 -0.187 0.231 -0.955
119.057 102.340 17.914 -0.016 -0.505 0.863
133.331 124.320 -5.603 -0.684 0.479 -0.551
116.453 120.755 -1.143 0.989 0.148 0.014
92.615 122.179 8.460 -0.191 -0.246 -0.950
77.622 103.177 17.996 -0.701 0.659 -0.272
66.309 123.677 9.912 0.655 -0.709 -0.262
93.384 124.312 -6.704 -0.539 -0.024 -0.842
51.434 122.161 8.523 -0.186 -0.240 -0.953
128.057 98.945 -31.694 -0.016 -0.046 0.999
142.331 107.479 -62.731 -0.684 0.168 -0.710
125.453 106.394 -57.127 0.989 0.138 -0.056
101.615 112.118 -49.284 -0.192 -0.659 -0.727
86.622 99.724 -32.010 -0.701 0.457 -0.547
75.309 114.119 -48.695 0.655 -0.749 0.097
102.384 106.960 -63.702 -0.539 -0.413 -0.734
60.434 112.130 -49.220 -0.187 -0.655 -0.732
137.057 72.885 -74.042 -0.017 0.424 0.906
151.331 66.019 -105.490 -0.684 -0.181 -0.707
134.453 67.663 -100.024 0.989 0.095 -0.114
110.615 76.376 -95.739 -0.191 -0.922 -0.337
95.622 73.427 -74.684 -0.701 0.150 -0.697
84.309 78.421 -96.148 0.655 -0.618 0.434
111.384 65.108 -106.110 -0.539 -0.707 -0.458
69.434 76.417 -95.689 -0.187 -0.920 -0.344
146.057 30.132 -99.431 -0.017 0.796 0.605
160.331 9.438 -124.088 -0.684 -0.489 -0.542
143.453 13.434 -120.011 0.989 0.032 -0.145
119.615 23.140 -120.266 -0.191 -0.973 0.130
104.622 30.313 -100.252 -0.701 -0.190 -0.687
93.309 24.761 -121.578 0.655 -0.345 0.672
120.384 8.345 -124.213 -0.539 -0.839 -0.077
78.434 23.200 -120.240 -0.186 -0.975 0.123
155.057 -19.524 -102.046 -0.017 0.986 0.166
169.331 -49.305 -114.262 -0.684 -0.685 -0.253
152.453 -43.871 -112.510 0.989 -0.039 -0.143
128.615 -35.396 -117.245 -0.191 -0.801 0.567
113.622 -19.744 -102.857 -0.701 -0.488 -0.520
102.309 -34.570 -119.160 0.655 0.006 0.755
129.384 -50.331 -113.865 -0.539 -0.778 0.322
87.434 -35.331 -117.250 -0.186 -0.806 0.562
164.057 -64.707 -81.286 -0.017 0.950 -0.311
178.331 -96.755 -78.265 -0.684 -0.724 0.095
161.453 -91.129 -79.237 0.989 -0.102 -0.109
137.615 -85.825 -87.370 -0.191 -0.446 0.874
122.622 -65.279 -81.903 -0.701 -0.674 -0.234
111.309 -85.983 -89.450 0.655 0.357 0.666
138.384 -97.479 -77.436 -0.539 -0.540 0.647
96.434 -85.769 -87.404 -0.186 -0.452 0.872
173.057 -95.070 -41.908 -0.017 0.697 -0.717
187.331 -122.042 -24.341 -0.684 -0.597 0.420
170.453 -117.513 -27.816 0.989 -0.140 -0.049
146.615 -116.594 -37.482 -0.191 0.011 0.981
131.622 -95.862 -42.188 -0.701 -0.705 0.106
120.309 -117.703 -39.250 0.655 0.625 0.424
147.384 -122.298 -23.270 -0.539 -0.178 0.823
105.434 -116.562 -37.538 -0.187 0.005 0.982
57.057 72.885 -74.042 -0.017 0.424 0.906
71.331 66.019 -105.490 -0.684 -0.181 -0.707
54.453 67.663 -100.024 0.989 0.095 -0.114
30.616 76.376 -95.739 -0.191 -0.922 -0.337
15.622 73.427 -74.684 -0.701 0.150 -0.697
4.309 78.421 -96.148 0.655 -0.618 0.434
31.384 65.108 -106.110 -0.539 -0.707 -0.458
-10.566 76.417 -95.689 -0.187 -0.920 -0.344
182.057 -103.656 7.069 -0.017 0.284 -0.959
196.331 -119.376 35.159 -0.684 -0.334 0.649
179.453 -116.981 29.976 0.989 -0.147 0.022
155.615 -120.660 20.991 -0.191 0.466 0.864
140.622 -104.487 7.189 -0.701 -0.575 0.422
129.309 -122.462 19.940 0.655 0.751 0.085
156.384 -119.106 36.225 -0.539 0.225 0.812
114.434 -120.656 20.925 -0.186 0.460 0.868
191.057 -88.500 54.427 -0.017 -0.194 -0.981
205.331 -89.367 86.605 -0.684 0.006 0.730
188.453 -89.654 80.903 0.989 -0.120 0.088
164.615 -97.086 74.656 -0.191 0.814 0.549
149.622 -89.180 54.921 -0.701 -0.313 0.641
138.309 -99.171 74.562 0.655 0.704 -0.274
165.384 -88.632 87.423 -0.539 0.577 0.614
123.434 -97.114 74.596 -0.186 0.811 0.555
200.057 -53.073 89.319 -0.016 -0.628 -0.778
214.331 -38.889 118.214 -0.684 0.345 0.643
197.453 -41.792 113.298 0.989 -0.066 0.133
173.615 -51.276 111.221 -0.191 0.976 0.107
158.622 -53.447 90.072 -0.701 0.021 0.713
147.309 -53.165 112.107 0.655 0.496 -0.570
174.384 -37.856 118.597 -0.539 0.796 0.276
132.435 -51.328 111.181 -0.186 0.976 0.114
209.057 -5.489 103.751 -0.017 -0.918 -0.397
223.331 20.498 122.746 -0.684 0.604 0.409
206.453 15.643 119.743 0.989 0.004 0.149
182.615 6.280 122.310 -0.191 0.914 -0.358
167.622 -5.470 104.592 -0.701 0.350 0.622
156.309 5.019 123.972 0.655 0.174 -0.735
183.384 21.590 122.606 -0.539 0.833 -0.125
141.435 6.215 122.299 -0.186 0.917 -0.352
218.057 43.351 94.420 -0.016 -0.997 0.074
232.331 75.189 99.164 -0.684 0.725 0.081
215.453 69.494 98.761 0.989 0.073 0.130
191.615 62.397 105.385 -0.191 0.642 -0.742
176.622 43.758 95.156 -0.701 0.598 0.388
165.309 62.053 107.442 0.655 -0.187 -0.732
192.384 76.091 98.532 -0.539 0.679 -0.498
150.435 62.334 105.405 -0.187 0.648 -0.738
227.057 82.262 63.462 -0.017 -0.848 0.529
241.331 112.659 52.867 -0.684 0.680 -0.264
224.453 107.428 55.157 0.989 0.125 0.081
200.615 104.221 64.321 -0.191 0.224 -0.956
185.622 82.965 63.924 -0.701 0.710 0.066
174.309 104.873 66.303 0.655 -0.506 -0.561
201.384 113.163 51.889 -0.539 0.370 -0.756
159.435 104.175 64.368 -0.187 0.231 -0.955
66.057 30.132 -99.431 -0.017 0.796 0.605
80.331 9.438 -124.088 -0.684 -0.489 -0.542
63.453 13.434 -120.011 0.989 0.032 -0.145
39.615 23.140 -120.266 -0.191 -0.973 0.130
24.622 30.313 -100.252 -0.701 -0.190 -0.687
13.309 24.761 -121.578 0.655 -0.345 0.672
40.384 8.345 -124.213 -0.539 -0.839 -0.077
-1.566 23.200 -120.240 -0.186 -0.975 0.123
75.057 -19.524 -102.046 -0.017 0.986 0.166
89.331 -49.305 -114.262 -0.684 -0.685 -0.253
72.453 -43.871 -112.510 0.989 -0.039 -0.143
48.615 -35.396 -117.245 -0.191 -0.801 0.567
33.622 -19.744 -102.857 -0.701 -0.488 -0.520
22.309 -34.570 -119.160 0.655 0.006 0.755
49.384 -50.331 -113.865 -0.539 -0.778 0.322
7.434 -35.331 -117.250 -0.186 -0.806 0.562
84.057 -64.707 -81.286 -0.017 0.950 -0.311
98.331 -96.755 -78.265 -0.684 -0.724 0.095
81.453 -91.129 -79.237 0.989 -0.102 -0.109
57.615 -85.825 -87.370 -0.191 -0.446 0.874
42.622 -65.279 -81.903 -0.701 -0.674 -0.234
31.309 -85.983 -89.450 0.655 0.357 0.666
58.384 -97.479 -77.436 -0.539 -0.540 0.647
16.434 -85.769 -87.404 -0.186 -0.452 0.872
93.057 -95.070 -41.908 -0.017 0.697 -0.717
107.331 -122.042 -24.341 -0.684 -0.597 0.420
90.453 -117.513 -27.816 0.989 -0.140 -0.049
66.615 -116.594 -37.482 -0.191 0.011 0.981
51.622 -95.862 -42.188 -0.701 -0.705 0.106
40.309 -117.703 -39.250 0.655 0.625 0.424
67.384 -122.298 -23.270 -0.539 -0.178 0.823
25.434 -116.562 -37.538 -0.187 0.005 0.982
102.057 -103.656 7.069 -0.017 0.284 -0.959
116.331 -119.376 35.159 -0.684 -0.334 0.649
99.453 -116.981 29.976 0.989 -0.147 0.022
75.615 -120.660 20.991 -0.191 0.466 0.864
60.622 -104.487 7.189 -0.701 -0.575 0.422
49.309 -122.462 19.940 0.655 0.751 0.085
76.384 -119.106 36.225 -0.539 0.225 0.812
34.434 -120.656 20.925 -0.186 0.460 0.868
111.057 -88.500 54.427 -0.017 -0.194 -0.981
125.331 -89.367 86.605 -0.684 0.006 0.730
108.453 -89.654 80.903 0.989 -0.120 0.088
84.615 -97.086 74.656 -0.191 0.814 0.549
69.622 -89.180 54.921 -0.701 -0.313 0.641
58.309 -99.171 74.562 0.655 0.704 -0.274
85.384 -88.632 87.423 -0.539 0.577 0.614
43.434 -97.114 74.596 -0.186 0.811 0.555
120.057 -53.073 89.319 -0.016 -0.628 -0.778
134.331 -38.889 118.214 -0.684 0.345 0.643
117.453 -41.792 113.298 0.989 -0.066 0.133
93.615 -51.276 111.221 -0.191 0.976 0.107
78.622 -53.447 90.072 -0.701 0.021 0.713
67.309 -53.165 112.107 0.655 0.496 -0.570
94.384 -37.856 118.597 -0.539 0.796 0.276
52.434 -51.328 111.181 -0.186 0.976 0.114
